,interArrivalTime,maximumWaitingTime,RealServiceTime,RealSolvable,PredictedServiceTime,PredictedSolvable,ArrivalTime,MIPAttended,Stopped,MIPnotScheduled,MIPRunTime,QueuedInstances,TimeServiceBegins,TimeServiceEnds,WaitingTimeInQueue,TimeInstanceInSystem,IdleTimeOfServer,VM,Attended,Solved
0,1,2826,1.0,True,1.0,True,1.0,-1,0,0,0.0,0,1.0,2.0,0.0,1.0,1.0,0.0,1.0,1.0
1,130,1611,1.0,True,1.0,True,131.0,-1,0,0,0.0,0,131.0,132.0,0.0,1.0,129.0,0.0,1.0,1.0
2,35,2320,1.0,True,1.0,True,166.0,-1,0,0,0.0,0,166.0,167.0,0.0,1.0,34.0,0.0,1.0,1.0
3,30,1793,1.0,True,1.0,True,196.0,-1,0,0,0.0,0,196.0,197.0,0.0,1.0,29.0,0.0,1.0,1.0
4,258,2236,1.0,True,1.0,True,454.0,-1,0,0,0.0,0,454.0,455.0,0.0,1.0,257.0,0.0,1.0,1.0
5,119,2268,1.0,True,1.0,True,573.0,-1,0,0,0.0,0,573.0,574.0,0.0,1.0,118.0,0.0,1.0,1.0
6,143,2623,593.0,True,56.0,True,716.0,-1,0,0,0.0,0,716.0,1309.0,0.0,593.0,142.0,0.0,1.0,1.0
7,106,1337,1.0,True,1.0,True,822.0,1,0,0,0.01,3,1310.0,1311.0,488.0,489.0,0.0,0.0,1.0,1.0
8,92,2422,1.0,True,1.0,True,914.0,1,0,0,0.0,2,1312.0,1313.0,398.0,399.0,0.0,0.0,1.0,1.0
9,248,2989,1.0,True,5.0,False,1162.0,1,0,0,0.0,1,1314.0,1315.0,152.0,153.0,0.0,0.0,1.0,1.0
10,209,2954,1.0,True,1.0,True,1371.0,-1,0,0,0.0,0,1371.0,1372.0,0.0,1.0,56.0,0.0,1.0,1.0
11,202,2341,1.0,True,1.0,True,1573.0,-1,0,0,0.0,0,1573.0,1574.0,0.0,1.0,201.0,0.0,1.0,1.0
12,268,1867,1.0,True,5.0,True,1841.0,-1,0,0,0.0,0,1841.0,1842.0,0.0,1.0,267.0,0.0,1.0,1.0
13,78,2955,1.0,True,1.0,True,1919.0,-1,0,0,0.0,0,1919.0,1920.0,0.0,1.0,77.0,0.0,1.0,1.0
14,139,2946,1.0,True,1.0,True,2058.0,-1,0,0,0.0,0,2058.0,2059.0,0.0,1.0,138.0,0.0,1.0,1.0
15,82,2852,1.0,True,1.0,True,2140.0,-1,0,0,0.0,0,2140.0,2141.0,0.0,1.0,81.0,0.0,1.0,1.0
16,211,1858,1.0,True,1.0,True,2351.0,-1,0,0,0.0,0,2351.0,2352.0,0.0,1.0,210.0,0.0,1.0,1.0
17,167,1256,1.0,True,1.0,True,2518.0,-1,0,0,0.0,0,2518.0,2519.0,0.0,1.0,166.0,0.0,1.0,1.0
18,264,1323,1.0,True,1.0,True,2782.0,-1,0,0,0.0,0,2782.0,2783.0,0.0,1.0,263.0,0.0,1.0,1.0
19,44,2934,1.0,True,1.0,True,2826.0,-1,0,0,0.0,0,2826.0,2827.0,0.0,1.0,43.0,0.0,1.0,1.0
20,232,1280,216.0,True,415.0,True,3058.0,-1,0,0,0.0,0,3058.0,3274.0,0.0,216.0,231.0,0.0,1.0,1.0
21,24,1764,7.0,True,27.0,True,3082.0,1,0,0,0.01,2,3275.0,3282.0,193.0,200.0,0.0,0.0,1.0,1.0
22,30,1667,3312.0,True,180.0,False,3112.0,1,1,0,0.0,1,3283.0,3590.0,171.0,478.0,0.0,0.0,1.0,0.0
23,288,1279,42.0,True,107.0,True,3400.0,-1,0,0,0.0,0,3591.0,3633.0,191.0,233.0,0.0,0.0,1.0,1.0
25,37,2632,3598.0,False,1518.0,False,3627.0,1,1,0,0.01,2,3634.0,3692.0,7.0,65.0,0.0,0.0,1.0,0.0
24,190,2090,3598.0,False,580.0,False,3590.0,1,1,0,0.0,0,3693.0,3945.0,103.0,355.0,0.0,0.0,1.0,0.0
26,65,1571,3598.0,False,1630.0,False,3692.0,-1,1,0,0.0,0,3946.0,4070.0,254.0,378.0,0.0,0.0,1.0,0.0
28,125,1762,3598.0,False,407.0,True,4070.0,-1,1,0,0.0,0,4071.0,4204.0,1.0,134.0,0.0,0.0,1.0,0.0
29,134,2150,82.0,True,85.0,True,4204.0,-1,0,0,0.0,0,4205.0,4287.0,1.0,83.0,0.0,0.0,1.0,1.0
27,253,2991,3598.0,False,94.0,False,3945.0,-1,1,0,0.0,1,4288.0,4468.0,343.0,523.0,0.0,0.0,1.0,0.0
30,144,1255,87.0,True,614.0,False,4348.0,-1,0,0,0.0,0,4469.0,4556.0,121.0,208.0,0.0,0.0,1.0,1.0
31,120,2536,75.0,True,393.0,False,4468.0,-1,0,0,0.0,1,4557.0,4632.0,89.0,164.0,0.0,0.0,1.0,1.0
32,108,2058,190.0,True,28.0,True,4576.0,1,0,0,0.0,2,4633.0,4823.0,57.0,247.0,0.0,0.0,1.0,1.0
35,6,2350,3134.0,True,272.0,True,4690.0,1,1,0,0.01,3,4824.0,4917.0,134.0,227.0,0.0,0.0,1.0,0.0
33,35,2589,512.0,True,316.0,False,4611.0,1,0,0,0.0,0,4918.0,5430.0,307.0,819.0,0.0,0.0,1.0,1.0
36,227,1415,1.0,True,1.0,True,4917.0,1,0,0,0.01,5,5431.0,5432.0,514.0,515.0,0.0,0.0,1.0,1.0
37,109,1743,1.0,True,1.0,True,5026.0,1,0,0,0.01,5,5433.0,5434.0,407.0,408.0,0.0,0.0,1.0,1.0
40,84,1610,1.0,True,1.0,True,5432.0,1,0,0,0.01,4,5435.0,5436.0,3.0,4.0,0.0,0.0,1.0,1.0
39,60,1490,1.0,True,1.0,True,5348.0,1,0,0,0.01,3,5437.0,5438.0,89.0,90.0,0.0,0.0,1.0,1.0
38,262,2071,16.0,True,208.0,True,5288.0,1,0,0,0.01,2,5439.0,5455.0,151.0,167.0,0.0,0.0,1.0,1.0
34,73,2290,1400.0,True,904.0,False,4684.0,1,0,0,0.01,2,5456.0,6856.0,772.0,2172.0,0.0,0.0,1.0,1.0
47,6,1266,1.0,True,1.0,True,6471.0,1,0,0,0.03,9,6857.0,6858.0,386.0,387.0,0.0,0.0,1.0,1.0
44,156,2375,1.0,True,1.0,True,5934.0,1,0,0,0.02,8,6859.0,6860.0,925.0,926.0,0.0,0.0,1.0,1.0
43,81,2292,1.0,True,1.0,True,5778.0,1,0,0,0.02,7,6861.0,6862.0,1083.0,1084.0,0.0,0.0,1.0,1.0
41,13,1445,275.0,True,73.0,True,5445.0,1,0,0,0.02,6,6863.0,7138.0,1418.0,1693.0,0.0,0.0,1.0,1.0
42,252,1963,3598.0,False,309.0,True,5697.0,1,1,0,0.02,7,7139.0,7164.0,1442.0,1467.0,0.0,0.0,1.0,0.0
46,236,1823,3598.0,False,178.0,True,6465.0,1,1,0,0.0,0,7165.0,7227.0,700.0,762.0,0.0,0.0,1.0,0.0
49,77,1132,3598.0,False,415.0,True,6623.0,1,1,4,0.0,0,7228.0,7525.0,605.0,902.0,0.0,0.0,1.0,0.0
48,75,1998,49.0,True,253.0,True,6546.0,1,0,0,0.0,0,7526.0,7575.0,980.0,1029.0,0.0,0.0,1.0,1.0
50,279,1732,1.0,True,1.0,True,6902.0,1,0,0,0.01,6,7576.0,7577.0,674.0,675.0,0.0,0.0,1.0,1.0
52,249,2788,1.0,True,1.0,True,7164.0,1,0,0,0.01,5,7578.0,7579.0,414.0,415.0,0.0,0.0,1.0,1.0
51,13,2597,1.0,True,1.0,True,6915.0,1,0,0,0.01,4,7580.0,7581.0,665.0,666.0,0.0,0.0,1.0,1.0
54,298,2353,1.0,True,8.0,True,7525.0,1,0,0,0.01,3,7582.0,7583.0,57.0,58.0,0.0,0.0,1.0,1.0
53,63,1346,1.0,True,9.0,True,7227.0,1,0,0,0.0,2,7584.0,7585.0,357.0,358.0,0.0,0.0,1.0,1.0
45,295,1569,3598.0,False,1837.0,False,6229.0,1,1,1,0.0,1,7586.0,7851.0,1357.0,1622.0,0.0,0.0,1.0,0.0
55,147,2787,1.0,True,1.0,True,7672.0,-1,0,0,0.0,0,7852.0,7853.0,180.0,181.0,0.0,0.0,1.0,1.0
56,179,2010,286.0,True,33.0,True,7851.0,-1,0,0,0.0,1,7854.0,8140.0,3.0,289.0,0.0,0.0,1.0,1.0
57,83,1556,1.0,True,3.0,True,7934.0,1,0,0,0.01,2,8141.0,8142.0,207.0,208.0,0.0,0.0,1.0,1.0
58,186,1745,1.0,True,1.0,True,8120.0,1,0,0,0.0,1,8143.0,8144.0,23.0,24.0,0.0,0.0,1.0,1.0
59,59,1668,1.0,True,1.0,True,8179.0,-1,0,0,0.0,0,8179.0,8180.0,0.0,1.0,35.0,0.0,1.0,1.0
60,280,2611,1.0,True,1.0,True,8459.0,-1,0,0,0.0,0,8459.0,8460.0,0.0,1.0,279.0,0.0,1.0,1.0
61,264,1058,1.0,True,1.0,True,8723.0,-1,0,0,0.0,0,8723.0,8724.0,0.0,1.0,263.0,0.0,1.0,1.0
62,64,2502,3598.0,False,2114.0,False,8787.0,-1,1,0,0.0,0,8787.0,9007.0,0.0,220.0,63.0,0.0,1.0,0.0
63,1,1773,3.0,True,43.0,False,8788.0,-1,0,0,0.0,0,9008.0,9011.0,220.0,223.0,0.0,0.0,1.0,1.0
64,219,2671,7.0,True,7.0,True,9007.0,-1,0,0,0.0,1,9012.0,9019.0,5.0,12.0,0.0,0.0,1.0,1.0
65,173,2055,42.0,True,17.0,True,9180.0,-1,0,0,0.0,0,9180.0,9222.0,0.0,42.0,161.0,0.0,1.0,1.0
66,172,2541,6.0,True,51.0,True,9352.0,-1,0,0,0.0,0,9352.0,9358.0,0.0,6.0,130.0,0.0,1.0,1.0
67,228,1959,11.0,True,167.0,True,9580.0,-1,0,0,0.0,0,9580.0,9591.0,0.0,11.0,222.0,0.0,1.0,1.0
68,289,2464,1507.0,True,379.0,True,9869.0,-1,0,0,0.0,0,9869.0,11376.0,0.0,1507.0,278.0,0.0,1.0,1.0
73,237,1670,1.0,True,1.0,True,10820.0,1,0,0,0.02,8,11377.0,11378.0,557.0,558.0,0.0,0.0,1.0,1.0
70,7,1426,37.0,True,33.0,True,10136.0,1,0,0,0.01,7,11379.0,11416.0,1243.0,1280.0,0.0,0.0,1.0,1.0
69,260,2733,22.0,True,53.0,True,10129.0,1,0,0,0.01,6,11417.0,11439.0,1288.0,1310.0,0.0,0.0,1.0,1.0
74,294,2356,3.0,True,62.0,True,11114.0,1,0,0,0.01,5,11440.0,11443.0,326.0,329.0,0.0,0.0,1.0,1.0
75,44,1364,14.0,True,78.0,True,11158.0,1,0,0,0.01,4,11444.0,11458.0,286.0,300.0,0.0,0.0,1.0,1.0
76,215,1501,36.0,True,78.0,True,11373.0,1,0,0,0.01,3,11459.0,11495.0,86.0,122.0,0.0,0.0,1.0,1.0
71,195,2035,5.0,True,95.0,True,10331.0,1,0,0,0.0,2,11496.0,11501.0,1165.0,1170.0,0.0,0.0,1.0,1.0
72,252,2043,3598.0,False,452.0,False,10583.0,1,1,0,0.0,1,11502.0,11717.0,919.0,1134.0,0.0,0.0,1.0,0.0
77,278,2980,62.0,True,106.0,True,11651.0,-1,0,0,0.0,0,11718.0,11780.0,67.0,129.0,0.0,0.0,1.0,1.0
78,66,2026,2.0,True,21.0,True,11717.0,-1,0,0,0.0,1,11781.0,11783.0,64.0,66.0,0.0,0.0,1.0,1.0
79,225,2675,5.0,True,12.0,True,11942.0,-1,0,0,0.0,0,11942.0,11947.0,0.0,5.0,159.0,0.0,1.0,1.0
80,262,2583,4.0,True,25.0,True,12204.0,-1,0,0,0.0,0,12204.0,12208.0,0.0,4.0,257.0,0.0,1.0,1.0
81,252,2218,10.0,True,21.0,True,12456.0,-1,0,0,0.0,0,12456.0,12466.0,0.0,10.0,248.0,0.0,1.0,1.0
82,233,1019,3598.0,False,836.0,False,12689.0,-1,1,0,0.0,0,12689.0,13024.0,0.0,335.0,223.0,0.0,1.0,0.0
83,122,1670,85.0,True,101.0,True,12811.0,-1,0,0,0.0,0,13025.0,13110.0,214.0,299.0,0.0,0.0,1.0,1.0
84,213,2709,154.0,True,158.0,True,13024.0,-1,0,0,0.0,1,13111.0,13265.0,87.0,241.0,0.0,0.0,1.0,1.0
85,200,2311,1.0,True,10.0,True,13224.0,-1,0,0,0.0,1,13266.0,13267.0,42.0,43.0,0.0,0.0,1.0,1.0
86,122,1933,3.0,True,30.0,True,13346.0,-1,0,0,0.0,0,13346.0,13349.0,0.0,3.0,79.0,0.0,1.0,1.0
87,147,2192,32.0,True,140.0,True,13493.0,-1,0,0,0.0,0,13493.0,13525.0,0.0,32.0,144.0,0.0,1.0,1.0
88,117,1388,3.0,True,30.0,True,13610.0,-1,0,0,0.0,0,13610.0,13613.0,0.0,3.0,85.0,0.0,1.0,1.0
89,201,2005,1726.0,True,994.0,True,13811.0,-1,0,0,0.0,0,13811.0,15537.0,0.0,1726.0,198.0,0.0,1.0,1.0
90,119,1133,1.0,True,1.0,True,13930.0,-1,0,0,0.0,10,15538.0,15538.0,1608.0,1608.0,0.0,0.0,0.0,0.0
94,103,1233,1.0,True,1.0,True,14562.0,1,0,0,0.04,10,15538.0,15539.0,976.0,977.0,0.0,0.0,1.0,1.0
91,294,2912,1.0,True,1.0,True,14224.0,1,0,0,0.02,9,15540.0,15541.0,1316.0,1317.0,0.0,0.0,1.0,1.0
93,126,1853,1.0,True,1.0,True,14459.0,1,0,0,0.02,8,15542.0,15543.0,1083.0,1084.0,0.0,0.0,1.0,1.0
92,109,1856,1.0,True,1.0,True,14333.0,1,0,0,0.01,7,15544.0,15545.0,1211.0,1212.0,0.0,0.0,1.0,1.0
95,193,1202,1.0,True,2.0,True,14755.0,1,0,0,0.01,6,15546.0,15547.0,791.0,792.0,0.0,0.0,1.0,1.0
99,144,2591,1.0,True,2.0,True,15423.0,1,0,0,0.01,5,15548.0,15549.0,125.0,126.0,0.0,0.0,1.0,1.0
96,265,1013,1.0,True,58.0,False,15020.0,1,0,0,0.01,4,15550.0,15551.0,530.0,531.0,0.0,0.0,1.0,1.0
100,33,1979,17.0,True,58.0,True,15456.0,1,0,0,0.01,3,15552.0,15569.0,96.0,113.0,0.0,0.0,1.0,1.0
101,97,1165,1.0,True,19.0,True,15553.0,1,0,0,0.01,3,15570.0,15571.0,17.0,18.0,0.0,0.0,1.0,1.0
97,147,1597,7.0,True,111.0,True,15167.0,1,0,0,0.0,2,15572.0,15579.0,405.0,412.0,0.0,0.0,1.0,1.0
98,112,2134,70.0,True,623.0,False,15279.0,1,0,0,0.0,1,15580.0,15650.0,301.0,371.0,0.0,0.0,1.0,1.0
102,87,2252,1.0,True,1.0,True,15640.0,-1,0,0,0.0,1,15651.0,15652.0,11.0,12.0,0.0,0.0,1.0,1.0
103,70,2970,1.0,True,1.0,True,15710.0,-1,0,0,0.0,0,15710.0,15711.0,0.0,1.0,58.0,0.0,1.0,1.0
104,212,2377,35.0,True,95.0,True,15922.0,-1,0,0,0.0,0,15922.0,15957.0,0.0,35.0,211.0,0.0,1.0,1.0
105,80,1223,24.0,True,5.0,True,16002.0,-1,0,0,0.0,0,16002.0,16026.0,0.0,24.0,45.0,0.0,1.0,1.0
106,99,1269,1.0,True,13.0,True,16101.0,-1,0,0,0.0,0,16101.0,16102.0,0.0,1.0,75.0,0.0,1.0,1.0
107,285,2928,70.0,True,381.0,True,16386.0,-1,0,0,0.0,0,16386.0,16456.0,0.0,70.0,284.0,0.0,1.0,1.0
108,261,1817,3598.0,False,609.0,False,16647.0,-1,1,0,0.0,0,16647.0,17058.0,0.0,411.0,191.0,0.0,1.0,0.0
109,168,1582,1.0,True,1.0,True,16815.0,-1,0,0,0.0,0,17059.0,17060.0,244.0,245.0,0.0,0.0,1.0,1.0
110,243,2423,31.0,True,413.0,True,17058.0,-1,0,0,0.0,1,17061.0,17092.0,3.0,34.0,0.0,0.0,1.0,1.0
111,132,2009,3598.0,False,1932.0,False,17190.0,-1,1,0,0.0,0,17190.0,17566.0,0.0,376.0,98.0,0.0,1.0,0.0
113,289,1282,1.0,True,1.0,True,17566.0,-1,0,0,0.0,0,17567.0,17568.0,1.0,2.0,0.0,0.0,1.0,1.0
112,87,2644,1.0,True,1.0,True,17277.0,-1,0,0,0.0,1,17569.0,17570.0,292.0,293.0,0.0,0.0,1.0,1.0
114,246,2137,1.0,True,1.0,True,17812.0,-1,0,0,0.0,0,17812.0,17813.0,0.0,1.0,242.0,0.0,1.0,1.0
115,270,1220,1.0,True,1.0,True,18082.0,-1,0,0,0.0,0,18082.0,18083.0,0.0,1.0,269.0,0.0,1.0,1.0
116,194,2908,1.0,True,1.0,True,18276.0,-1,0,0,0.0,0,18276.0,18277.0,0.0,1.0,193.0,0.0,1.0,1.0
117,154,1528,3598.0,False,296.0,False,18430.0,-1,1,0,0.0,0,18430.0,18865.0,0.0,435.0,153.0,0.0,1.0,0.0
118,173,1246,1.0,True,1.0,True,18603.0,-1,0,0,0.0,0,18866.0,18867.0,263.0,264.0,0.0,0.0,1.0,1.0
119,262,2397,1.0,True,3.0,True,18865.0,-1,0,0,0.0,1,18868.0,18869.0,3.0,4.0,0.0,0.0,1.0,1.0
120,127,1354,1.0,True,2.0,True,18992.0,-1,0,0,0.0,0,18992.0,18993.0,0.0,1.0,123.0,0.0,1.0,1.0
121,3,2683,1.0,True,1.0,True,18995.0,-1,0,0,0.0,0,18995.0,18996.0,0.0,1.0,2.0,0.0,1.0,1.0
122,177,2481,7.0,True,67.0,True,19172.0,-1,0,0,0.0,0,19172.0,19179.0,0.0,7.0,176.0,0.0,1.0,1.0
123,6,2058,3.0,True,68.0,True,19178.0,-1,0,0,0.0,1,19180.0,19183.0,2.0,5.0,0.0,0.0,1.0,1.0
124,25,2305,1493.0,True,289.0,True,19203.0,-1,0,0,0.0,0,19203.0,20696.0,0.0,1493.0,20.0,0.0,1.0,1.0
128,84,1020,1.0,True,1.0,True,19710.0,1,0,0,0.02,9,20697.0,20698.0,987.0,988.0,0.0,0.0,1.0,1.0
133,269,1380,235.0,True,98.0,True,20656.0,1,0,0,0.02,8,20699.0,20934.0,43.0,278.0,0.0,0.0,1.0,1.0
127,79,1106,3598.0,False,1854.0,False,19626.0,0,0,2,0.0,5,20935.0,20935.0,1309.0,1309.0,0.0,0.0,0.0,0.0
129,62,2781,1.0,True,1.0,True,19772.0,1,0,0,0.03,8,20935.0,20936.0,1163.0,1164.0,0.0,0.0,1.0,1.0
130,239,1220,1.0,True,1.0,True,20011.0,1,0,0,0.01,7,20937.0,20938.0,926.0,927.0,0.0,0.0,1.0,1.0
131,281,1600,1.0,True,1.0,True,20292.0,1,0,0,0.01,6,20939.0,20940.0,647.0,648.0,0.0,0.0,1.0,1.0
135,140,2524,2.0,True,7.0,True,20918.0,1,0,0,0.01,5,20941.0,20943.0,23.0,25.0,0.0,0.0,1.0,1.0
126,234,1774,4.0,True,24.0,True,19547.0,1,0,0,0.01,4,20944.0,20948.0,1397.0,1401.0,0.0,0.0,1.0,1.0
134,122,2696,6.0,True,26.0,True,20778.0,1,0,0,0.01,3,20949.0,20955.0,171.0,177.0,0.0,0.0,1.0,1.0
132,95,2812,52.0,True,134.0,True,20387.0,1,0,0,0.0,2,20956.0,21008.0,569.0,621.0,0.0,0.0,1.0,1.0
125,110,2565,3598.0,False,2394.0,False,19313.0,1,1,0,0.0,1,21009.0,21380.0,1696.0,2067.0,0.0,0.0,1.0,0.0
136,229,1585,310.0,True,692.0,True,21147.0,-1,0,0,0.0,0,21381.0,21691.0,234.0,544.0,0.0,0.0,1.0,1.0
137,233,2022,1.0,True,1.0,True,21380.0,1,0,0,0.01,3,21692.0,21693.0,312.0,313.0,0.0,0.0,1.0,1.0
139,97,2465,2.0,True,6.0,True,21503.0,1,0,0,0.01,2,21694.0,21696.0,191.0,193.0,0.0,0.0,1.0,1.0
138,26,1419,2.0,True,9.0,True,21406.0,1,0,0,0.0,1,21697.0,21699.0,291.0,293.0,0.0,0.0,1.0,1.0
140,226,1959,1017.0,True,636.0,True,21729.0,-1,0,0,0.0,0,21729.0,22746.0,0.0,1017.0,30.0,0.0,1.0,1.0
144,119,2309,1.0,True,4.0,True,22203.0,1,0,0,0.01,7,22747.0,22748.0,544.0,545.0,0.0,0.0,1.0,1.0
142,63,1325,3.0,True,12.0,True,21885.0,1,0,0,0.01,6,22749.0,22752.0,864.0,867.0,0.0,0.0,1.0,1.0
141,93,1044,2577.0,True,72.0,True,21822.0,1,1,0,0.02,6,22753.0,22902.0,931.0,1080.0,0.0,0.0,1.0,0.0
145,60,2578,132.0,True,80.0,True,22263.0,1,0,0,0.0,0,22903.0,23035.0,640.0,772.0,0.0,0.0,1.0,1.0
149,152,2731,1.0,True,58.0,True,22902.0,1,0,0,0.02,5,23036.0,23037.0,134.0,135.0,0.0,0.0,1.0,1.0
146,243,1040,45.0,True,87.0,True,22506.0,1,0,0,0.01,4,23038.0,23083.0,532.0,577.0,0.0,0.0,1.0,1.0
147,206,1057,90.0,True,136.0,True,22712.0,1,0,0,0.01,3,23084.0,23174.0,372.0,462.0,0.0,0.0,1.0,1.0
143,199,2238,99.0,True,139.0,True,22084.0,1,0,0,0.01,3,23175.0,23274.0,1091.0,1190.0,0.0,0.0,1.0,1.0
150,211,2343,1469.0,True,786.0,False,23113.0,1,0,0,0.01,2,23275.0,24744.0,162.0,1631.0,0.0,0.0,1.0,1.0
151,182,1011,2637.0,True,2168.0,False,23295.0,-1,0,0,0.0,10,24745.0,24745.0,1450.0,1450.0,0.0,0.0,0.0,0.0
162,75,2400,1.0,True,1.0,True,24618.0,1,0,0,0.05,12,24745.0,24746.0,127.0,128.0,0.0,0.0,1.0,1.0
153,2,2682,244.0,True,8.0,True,23391.0,1,0,0,0.04,11,24747.0,24991.0,1356.0,1600.0,0.0,0.0,1.0,1.0
156,188,1196,2.0,True,22.0,True,23798.0,0,0,1,0.09,12,24992.0,24992.0,1194.0,1194.0,0.0,0.0,0.0,0.0
163,171,2803,8.0,True,7.0,True,24789.0,1,0,0,0.06,11,24993.0,25001.0,204.0,212.0,0.0,0.0,1.0,1.0
157,27,1175,657.0,True,24.0,True,23825.0,0,0,1,0.0,10,25002.0,25002.0,1177.0,1177.0,0.0,0.0,0.0,0.0
154,26,2236,10.0,True,8.0,True,23417.0,1,0,0,0.03,10,25002.0,25012.0,1585.0,1595.0,0.0,0.0,1.0,1.0
160,280,2327,22.0,True,10.0,True,24447.0,1,0,0,0.02,9,25013.0,25035.0,566.0,588.0,0.0,0.0,1.0,1.0
152,94,2301,1.0,True,19.0,True,23389.0,1,0,0,0.02,8,25036.0,25037.0,1647.0,1648.0,0.0,0.0,1.0,1.0
164,63,2770,2.0,True,20.0,True,24852.0,1,0,0,0.02,7,25038.0,25040.0,186.0,188.0,0.0,0.0,1.0,1.0
158,123,2814,503.0,True,58.0,True,23948.0,1,0,0,0.01,6,25041.0,25544.0,1093.0,1596.0,0.0,0.0,1.0,1.0
148,38,2456,3598.0,False,1045.0,False,22750.0,0,0,9,0.0,6,25545.0,25545.0,2795.0,2795.0,0.0,0.0,0.0,0.0
168,180,2638,2.0,True,30.0,True,25480.0,1,0,0,0.02,8,25545.0,25547.0,65.0,67.0,0.0,0.0,1.0,1.0
169,16,1395,2518.0,True,40.0,True,25496.0,1,1,0,0.02,7,25548.0,25614.0,52.0,118.0,0.0,0.0,1.0,0.0
165,148,1532,3373.0,True,81.0,True,25000.0,1,1,0,0.0,0,25615.0,25713.0,615.0,713.0,0.0,0.0,1.0,0.0
166,50,1997,211.0,True,107.0,True,25050.0,1,0,0,0.0,0,25714.0,25925.0,664.0,875.0,0.0,0.0,1.0,1.0
171,99,2641,1.0,True,3.0,True,25713.0,1,0,0,0.01,6,25926.0,25927.0,213.0,214.0,0.0,0.0,1.0,1.0
170,118,1049,191.0,True,106.0,True,25614.0,1,0,0,0.01,5,25928.0,26119.0,314.0,505.0,0.0,0.0,1.0,1.0
172,236,1658,25.0,True,9.0,True,25949.0,1,0,0,0.01,5,26120.0,26145.0,171.0,196.0,0.0,0.0,1.0,1.0
159,219,2303,3170.0,True,196.0,True,24167.0,1,1,0,0.01,4,26146.0,26223.0,1979.0,2056.0,0.0,0.0,1.0,0.0
167,250,2431,1582.0,True,400.0,True,25300.0,1,0,0,0.0,0,26224.0,27806.0,924.0,2506.0,0.0,0.0,1.0,1.0
155,193,2830,2799.0,True,1384.0,True,23610.0,0,0,6,0.0,14,27807.0,27807.0,4197.0,4197.0,0.0,0.0,0.0,0.0
161,96,2574,3598.0,False,554.0,True,24543.0,1,0,0,0.0,13,27807.0,27807.0,3264.0,3264.0,0.0,0.0,0.0,0.0
175,143,2695,43.0,True,12.0,True,26507.0,1,0,0,0.07,12,27807.0,27850.0,1300.0,1343.0,0.0,0.0,1.0,1.0
185,79,2360,1.0,True,1.0,True,27845.0,1,0,0,0.05,12,27851.0,27852.0,6.0,7.0,0.0,0.0,1.0,1.0
176,257,2091,2.0,True,26.0,True,26764.0,1,0,0,0.04,11,27853.0,27855.0,1089.0,1091.0,0.0,0.0,1.0,1.0
177,156,1730,67.0,True,29.0,True,26920.0,1,0,0,0.05,10,27856.0,27923.0,936.0,1003.0,0.0,0.0,1.0,1.0
174,141,1911,260.0,True,35.0,True,26364.0,1,0,0,0.02,9,27924.0,28184.0,1560.0,1820.0,0.0,0.0,1.0,1.0
173,274,1897,244.0,True,82.0,True,26223.0,1,0,0,0.0,7,28185.0,28185.0,1962.0,1962.0,0.0,0.0,0.0,0.0
184,105,2990,1695.0,True,41.0,True,27766.0,1,1,0,0.02,8,28185.0,28208.0,419.0,442.0,0.0,0.0,1.0,0.0
186,266,1104,1.0,True,1.0,True,28111.0,1,0,0,0.0,0,28209.0,28210.0,98.0,99.0,0.0,0.0,1.0,1.0
178,40,1283,987.0,True,63.0,True,26960.0,1,0,0,0.01,7,28211.0,29198.0,1251.0,2238.0,0.0,0.0,1.0,1.0
181,175,1627,3598.0,False,1897.0,False,27413.0,0,0,7,0.0,8,29199.0,29199.0,1786.0,1786.0,0.0,0.0,0.0,0.0
182,45,1627,504.0,True,466.0,True,27458.0,1,0,0,0.0,10,29199.0,29199.0,1741.0,1741.0,0.0,0.0,0.0,0.0
187,97,1753,1.0,True,1.0,True,28208.0,1,0,0,0.05,10,29199.0,29200.0,991.0,992.0,0.0,0.0,1.0,1.0
188,126,2853,3598.0,False,7.0,True,28334.0,1,1,0,0.03,9,29201.0,29215.0,867.0,881.0,0.0,0.0,1.0,0.0
192,174,2724,5.0,True,17.0,True,29129.0,1,0,0,0.0,0,29216.0,29221.0,87.0,92.0,0.0,0.0,1.0,1.0
190,128,1503,47.0,True,172.0,True,28711.0,1,0,0,0.68,8,29223.0,29270.0,512.0,559.0,0.0,0.0,1.0,1.0
180,146,2240,3098.0,True,587.0,True,27238.0,1,1,2,0.02,7,29271.0,29381.0,2033.0,2143.0,0.0,0.0,1.0,0.0
179,132,2674,8.0,True,524.0,True,27092.0,0,0,3,0.0,0,29382.0,29382.0,2290.0,2290.0,0.0,0.0,0.0,0.0
191,244,1597,151.0,True,282.0,True,28955.0,1,0,0,0.0,0,29383.0,29534.0,428.0,579.0,0.0,0.0,1.0,1.0
194,78,1465,33.0,True,329.0,True,29215.0,1,0,0,0.01,5,29535.0,29568.0,320.0,353.0,0.0,0.0,1.0,1.0
193,8,1262,5.0,True,37.0,True,29137.0,1,0,0,0.02,5,29569.0,29574.0,432.0,437.0,0.0,0.0,1.0,1.0
195,166,2656,4.0,True,19.0,True,29381.0,1,0,0,0.01,4,29575.0,29579.0,194.0,198.0,0.0,0.0,1.0,1.0
196,172,2652,1.0,True,9.0,True,29553.0,1,0,0,0.01,3,29580.0,29581.0,27.0,28.0,0.0,0.0,1.0,1.0
183,203,2738,3598.0,False,1110.0,False,27661.0,1,1,6,0.01,2,29582.0,29815.0,1921.0,2154.0,0.0,0.0,1.0,0.0
189,249,1963,3598.0,False,2042.0,False,28583.0,0,0,3,0.0,0,29816.0,29816.0,1233.0,1233.0,0.0,0.0,0.0,0.0
197,262,2395,1.0,True,9.0,True,29815.0,-1,0,0,0.0,0,29817.0,29818.0,2.0,3.0,0.0,0.0,1.0,1.0
198,201,2329,3598.0,False,190.0,True,30016.0,-1,1,0,0.0,0,30016.0,30291.0,0.0,275.0,198.0,0.0,1.0,0.0
199,167,1471,3598.0,False,240.0,True,30183.0,-1,1,0,0.0,0,30292.0,30517.0,109.0,334.0,0.0,0.0,1.0,0.0
201,226,1437,2.0,True,15.0,True,30517.0,-1,0,0,0.0,0,30518.0,30520.0,1.0,3.0,0.0,0.0,1.0,1.0
200,108,1755,3.0,True,28.0,True,30291.0,-1,0,0,0.0,1,30521.0,30524.0,230.0,233.0,0.0,0.0,1.0,1.0
202,226,1312,11.0,True,74.0,True,30743.0,-1,0,0,0.0,0,30743.0,30754.0,0.0,11.0,219.0,0.0,1.0,1.0
203,223,1574,12.0,True,91.0,True,30966.0,-1,0,0,0.0,0,30966.0,30978.0,0.0,12.0,212.0,0.0,1.0,1.0
204,62,1660,4.0,True,88.0,True,31028.0,-1,0,0,0.0,0,31028.0,31032.0,0.0,4.0,50.0,0.0,1.0,1.0
205,233,2899,36.0,True,104.0,True,31261.0,-1,0,0,0.0,0,31261.0,31297.0,0.0,36.0,229.0,0.0,1.0,1.0
206,243,1726,3598.0,False,949.0,False,31504.0,-1,1,0,0.0,0,31504.0,32163.0,0.0,659.0,207.0,0.0,1.0,0.0
210,150,2329,987.0,True,486.0,True,32163.0,-1,0,0,0.0,0,32164.0,33151.0,1.0,988.0,0.0,0.0,1.0,1.0
215,272,1805,2281.0,True,168.0,True,32892.0,-1,1,0,1.0,10,33153.0,33215.0,261.0,323.0,0.0,0.0,1.0,0.0
218,229,1920,3508.0,True,41.0,True,33215.0,-1,1,0,0.0,0,33216.0,33358.0,1.0,143.0,0.0,0.0,1.0,0.0
216,14,2185,92.0,True,126.0,True,32906.0,-1,0,0,0.0,0,33359.0,33451.0,453.0,545.0,0.0,0.0,1.0,1.0
220,45,1327,1.0,True,12.0,True,33403.0,-1,0,0,1.0,10,33453.0,33454.0,50.0,51.0,0.0,0.0,1.0,1.0
219,143,1800,253.0,True,151.0,True,33358.0,-1,0,0,1.0,9,33456.0,33709.0,98.0,351.0,0.0,0.0,1.0,1.0
213,142,1030,3598.0,False,1420.0,False,32537.0,-1,0,0,0.0,10,33710.0,33710.0,1173.0,1173.0,0.0,0.0,0.0,0.0
224,45,1561,1.0,True,13.0,True,33691.0,-1,0,0,1.0,11,33711.0,33712.0,20.0,21.0,0.0,0.0,1.0,1.0
222,127,1898,10.0,True,11.0,True,33584.0,-1,0,0,1.0,10,33714.0,33724.0,130.0,140.0,0.0,0.0,1.0,1.0
221,54,2696,3598.0,False,21.0,True,33457.0,-1,1,0,1.0,9,33726.0,33790.0,269.0,333.0,0.0,0.0,1.0,0.0
207,43,2420,3598.0,False,502.0,False,31547.0,-1,1,0,0.0,0,33791.0,33936.0,2244.0,2389.0,0.0,0.0,1.0,0.0
214,83,1771,3598.0,False,1641.0,False,32620.0,-1,1,0,0.0,0,33937.0,33945.0,1317.0,1325.0,0.0,0.0,1.0,0.0
208,177,2305,3598.0,False,1286.0,False,31724.0,-1,1,0,0.0,0,33946.0,33991.0,2222.0,2267.0,0.0,0.0,1.0,0.0
217,80,2428,3598.0,False,1456.0,False,32986.0,-1,1,0,0.0,0,33992.0,34006.0,1006.0,1020.0,0.0,0.0,1.0,0.0
212,22,2831,3289.0,True,1102.0,False,32395.0,-1,1,0,0.0,0,34007.0,34087.0,1612.0,1692.0,0.0,0.0,1.0,0.0
209,289,2494,3598.0,False,1439.0,False,32013.0,-1,1,0,0.0,0,34088.0,34277.0,2075.0,2264.0,0.0,0.0,1.0,0.0
225,99,2479,3598.0,False,1738.0,False,33790.0,-1,1,0,0.0,0,34278.0,34563.0,488.0,773.0,0.0,0.0,1.0,0.0
223,62,2755,3598.0,False,1607.0,False,33646.0,-1,1,0,0.0,0,34564.0,34826.0,918.0,1180.0,0.0,0.0,1.0,0.0
211,210,2189,848.0,True,2203.0,False,32373.0,-1,0,0,0.0,0,34827.0,34827.0,2454.0,2454.0,0.0,0.0,0.0,0.0
231,190,1212,2.0,True,6.0,True,34277.0,-1,0,0,0.0,0,34828.0,34830.0,551.0,553.0,0.0,0.0,1.0,1.0
228,46,1231,1707.0,True,133.0,True,33991.0,1,0,0,0.02,7,34831.0,36538.0,840.0,2547.0,0.0,0.0,1.0,1.0
226,146,1816,3598.0,False,2099.0,False,33936.0,0,0,1,0.0,12,36539.0,36539.0,2603.0,2603.0,0.0,0.0,0.0,0.0
229,15,1344,3598.0,False,886.0,False,34006.0,0,0,1,0.0,13,36539.0,36539.0,2533.0,2533.0,0.0,0.0,0.0,0.0
230,81,2124,10.0,True,499.0,True,34087.0,1,0,0,0.0,15,36539.0,36539.0,2452.0,2452.0,0.0,0.0,0.0,0.0
232,286,1743,3598.0,False,613.0,True,34563.0,1,0,0,0.0,14,36539.0,36539.0,1976.0,1976.0,0.0,0.0,0.0,0.0
235,264,1030,70.0,True,420.0,True,35205.0,-1,0,0,0.0,9,36539.0,36539.0,1334.0,1334.0,0.0,0.0,0.0,0.0
243,132,1219,4.0,True,127.0,False,36234.0,-1,0,0,1.0,12,36540.0,36544.0,306.0,310.0,0.0,0.0,1.0,1.0
233,263,1818,59.0,True,213.0,True,34826.0,1,0,0,0.17,11,36545.0,36604.0,1719.0,1778.0,0.0,0.0,1.0,1.0
227,9,2614,290.0,True,327.0,True,33945.0,0,0,1,0.0,8,36605.0,36605.0,2660.0,2660.0,0.0,0.0,0.0,0.0
236,291,1070,490.0,True,382.0,True,35496.0,0,0,1,0.0,10,36605.0,36605.0,1109.0,1109.0,0.0,0.0,0.0,0.0
241,72,1387,3598.0,False,624.0,False,35999.0,1,1,0,0.34,8,36605.0,36691.0,606.0,692.0,0.0,0.0,1.0,0.0
234,115,1696,3598.0,False,707.0,False,34941.0,0,0,2,0.0,0,36692.0,36692.0,1751.0,1751.0,0.0,0.0,0.0,0.0
239,48,2863,174.0,True,147.0,True,35818.0,1,0,0,0.0,0,36693.0,36867.0,875.0,1049.0,0.0,0.0,1.0,1.0
242,103,1742,2.0,True,26.0,True,36102.0,1,0,0,0.02,6,36868.0,36870.0,766.0,768.0,0.0,0.0,1.0,1.0
238,250,2137,18.0,True,52.0,True,35770.0,1,0,0,0.01,5,36871.0,36889.0,1101.0,1119.0,0.0,0.0,1.0,1.0
245,219,1670,94.0,True,101.0,True,36691.0,1,0,0,0.01,4,36890.0,36984.0,199.0,293.0,0.0,0.0,1.0,1.0
247,31,2301,61.0,True,46.0,True,36960.0,1,0,0,0.01,5,36985.0,37046.0,25.0,86.0,0.0,0.0,1.0,1.0
240,109,1626,72.0,True,191.0,True,35927.0,1,0,0,0.01,4,37047.0,37119.0,1120.0,1192.0,0.0,0.0,1.0,1.0
246,238,1741,3598.0,False,610.0,False,36929.0,1,1,0,0.01,4,37120.0,37286.0,191.0,357.0,0.0,0.0,1.0,0.0
237,24,2300,3598.0,False,1012.0,False,35520.0,1,1,3,0.0,0,37287.0,37516.0,1767.0,1996.0,0.0,0.0,1.0,0.0
244,238,2768,3598.0,False,636.0,False,36472.0,1,1,0,0.0,0,37517.0,37734.0,1045.0,1262.0,0.0,0.0,1.0,0.0
248,114,2327,1767.0,True,230.0,True,37074.0,1,0,0,0.0,0,37735.0,39502.0,661.0,2428.0,0.0,0.0,1.0,1.0
249,212,1165,3598.0,False,2478.0,False,37286.0,-1,0,0,0.0,14,39503.0,39503.0,2217.0,2217.0,0.0,0.0,0.0,0.0
250,230,1213,6.0,True,22.0,True,37516.0,-1,0,0,0.0,11,39503.0,39503.0,1987.0,1987.0,0.0,0.0,0.0,0.0
252,143,1369,3598.0,False,3091.0,False,37877.0,-1,0,0,0.0,5,39503.0,39503.0,1626.0,1626.0,0.0,0.0,0.0,0.0
254,81,1222,3598.0,False,3156.0,False,38039.0,-1,0,0,0.0,6,39503.0,39503.0,1464.0,1464.0,0.0,0.0,0.0,0.0
255,17,1057,3598.0,False,3259.0,False,38056.0,-1,0,0,0.0,7,39503.0,39503.0,1447.0,1447.0,0.0,0.0,0.0,0.0
256,231,1205,187.0,True,59.0,True,38287.0,-1,0,0,0.0,13,39503.0,39503.0,1216.0,1216.0,0.0,0.0,0.0,0.0
262,108,2915,1.0,True,5.0,True,39371.0,1,0,0,0.02,8,39503.0,39504.0,132.0,133.0,0.0,0.0,1.0,1.0
258,183,2177,3598.0,False,817.0,True,38603.0,1,1,0,0.03,7,39505.0,39667.0,902.0,1064.0,0.0,0.0,1.0,0.0
257,133,1553,3598.0,False,3105.0,False,38420.0,0,0,2,0.0,0,39668.0,39668.0,1248.0,1248.0,0.0,0.0,0.0,0.0
253,81,2676,109.0,True,87.0,True,37958.0,1,0,0,0.0,0,39669.0,39778.0,1711.0,1820.0,0.0,0.0,1.0,1.0
264,62,1639,25.0,True,59.0,True,39729.0,1,0,0,0.02,6,39779.0,39804.0,50.0,75.0,0.0,0.0,1.0,1.0
261,262,1646,1.0,True,1.0,True,39263.0,1,0,0,0.01,5,39805.0,39806.0,542.0,543.0,0.0,0.0,1.0,1.0
263,296,2727,1.0,True,1.0,True,39667.0,1,0,0,0.01,4,39807.0,39808.0,140.0,141.0,0.0,0.0,1.0,1.0
251,218,2986,3598.0,False,2472.0,False,37734.0,1,1,4,0.01,3,39809.0,40109.0,2075.0,2375.0,0.0,0.0,1.0,0.0
259,236,2017,3598.0,False,3048.0,False,38839.0,0,0,6,0.0,0,40110.0,40110.0,1271.0,1271.0,0.0,0.0,0.0,0.0
260,162,2822,3598.0,False,2945.0,False,39001.0,0,0,2,0.0,0,40111.0,40111.0,1110.0,1110.0,0.0,0.0,0.0,0.0
265,89,2686,1.0,True,18.0,True,39818.0,-1,0,0,0.0,0,40112.0,40113.0,294.0,295.0,0.0,0.0,1.0,1.0
266,291,1600,1.0,True,1.0,True,40109.0,-1,0,0,0.0,1,40114.0,40115.0,5.0,6.0,0.0,0.0,1.0,1.0
267,168,2281,40.0,True,68.0,True,40277.0,-1,0,0,0.0,0,40277.0,40317.0,0.0,40.0,162.0,0.0,1.0,1.0
268,84,1833,17.0,True,305.0,True,40361.0,-1,0,0,0.0,0,40361.0,40378.0,0.0,17.0,44.0,0.0,1.0,1.0
269,52,1554,1.0,True,4.0,True,40413.0,-1,0,0,0.0,0,40413.0,40414.0,0.0,1.0,35.0,0.0,1.0,1.0
270,294,1453,3598.0,False,1977.0,True,40707.0,-1,1,0,0.0,0,40707.0,41010.0,0.0,303.0,293.0,0.0,1.0,0.0
271,43,2772,3105.0,True,112.0,True,40750.0,-1,1,0,0.0,0,41011.0,42900.0,261.0,2150.0,0.0,0.0,1.0,0.0
284,275,1048,1.0,True,5.0,True,42900.0,-1,0,0,0.0,0,42901.0,42902.0,1.0,2.0,0.0,0.0,1.0,1.0
283,13,2036,22.0,True,143.0,True,42625.0,1,0,0,0.08,12,42903.0,42925.0,278.0,300.0,0.0,0.0,1.0,1.0
273,216,1682,3598.0,False,3127.0,False,41226.0,0,0,1,0.0,11,42926.0,42926.0,1700.0,1700.0,0.0,0.0,0.0,0.0
276,289,2395,420.0,True,182.0,True,41830.0,1,0,0,0.07,10,42926.0,43346.0,1096.0,1516.0,0.0,0.0,1.0,1.0
275,109,2199,3598.0,False,82.0,True,41541.0,1,1,0,0.06,10,43347.0,43420.0,1806.0,1879.0,0.0,0.0,1.0,0.0
274,206,2949,118.0,True,70.0,True,41432.0,1,0,0,0.0,0,43421.0,43539.0,1989.0,2107.0,0.0,0.0,1.0,1.0
279,65,2252,3598.0,False,220.0,True,42059.0,1,1,0,0.06,9,43540.0,43558.0,1481.0,1499.0,0.0,0.0,1.0,0.0
272,260,2981,37.0,True,148.0,True,41010.0,1,0,0,0.0,0,43559.0,43596.0,2549.0,2586.0,0.0,0.0,1.0,1.0
281,283,2894,3598.0,False,218.0,False,42392.0,1,1,0,0.02,8,43597.0,43819.0,1205.0,1427.0,0.0,0.0,1.0,0.0
278,35,1926,156.0,True,317.0,True,41994.0,1,0,3,0.0,0,43820.0,43976.0,1826.0,1982.0,0.0,0.0,1.0,1.0
286,247,2491,3598.0,False,660.0,True,43420.0,1,1,1,0.02,7,43977.0,44021.0,557.0,601.0,0.0,0.0,1.0,0.0
277,129,2820,3598.0,False,201.0,True,41959.0,1,1,0,0.0,0,44022.0,44300.0,2063.0,2341.0,0.0,0.0,1.0,0.0
285,273,2379,528.0,True,184.0,True,43173.0,1,0,0,0.0,0,44301.0,44829.0,1128.0,1656.0,0.0,0.0,1.0,1.0
280,50,1945,3598.0,False,3062.0,False,42109.0,0,0,6,0.0,2,44830.0,44830.0,2721.0,2721.0,0.0,0.0,0.0,0.0
289,202,1198,246.0,True,64.0,True,44021.0,1,0,0,0.02,7,44830.0,45076.0,809.0,1055.0,0.0,0.0,1.0,1.0
282,220,2959,39.0,True,204.0,True,42612.0,1,0,1,0.05,7,45077.0,45116.0,2465.0,2504.0,0.0,0.0,1.0,1.0
292,272,1479,91.0,True,248.0,True,44633.0,1,0,1,0.02,7,45117.0,45208.0,484.0,575.0,0.0,0.0,1.0,1.0
288,261,2009,3598.0,False,987.0,True,43819.0,0,0,3,0.01,6,45209.0,45209.0,1390.0,1390.0,0.0,0.0,0.0,0.0
293,248,1890,251.0,True,87.0,True,44881.0,1,0,0,0.01,5,45210.0,45461.0,329.0,580.0,0.0,0.0,1.0,1.0
290,279,1082,1459.0,True,1928.0,True,44300.0,0,0,5,0.0,6,45462.0,45462.0,1162.0,1162.0,0.0,0.0,0.0,0.0
296,74,1841,3598.0,False,620.0,False,45284.0,1,1,0,0.02,6,45462.0,45465.0,178.0,181.0,0.0,0.0,1.0,0.0
291,61,2683,128.0,True,272.0,True,44361.0,1,0,0,0.0,0,45466.0,45594.0,1105.0,1233.0,0.0,0.0,1.0,1.0
294,233,1899,40.0,True,27.0,True,45114.0,1,0,0,0.01,6,45595.0,45635.0,481.0,521.0,0.0,0.0,1.0,1.0
299,51,1219,2.0,True,3.0,True,45516.0,1,0,0,0.02,5,45636.0,45638.0,120.0,122.0,0.0,0.0,1.0,1.0
298,72,1749,48.0,True,43.0,True,45465.0,1,0,0,0.01,4,45639.0,45687.0,174.0,222.0,0.0,0.0,1.0,1.0
295,96,1306,1262.0,True,1816.0,True,45210.0,1,0,1,0.01,3,45688.0,46950.0,478.0,1740.0,0.0,0.0,1.0,1.0
287,138,2878,3598.0,False,2495.0,False,43558.0,0,0,4,0.0,9,46951.0,46951.0,3393.0,3393.0,0.0,0.0,0.0,0.0
303,115,2598,43.0,True,38.0,True,46212.0,1,0,0,0.04,9,46951.0,46994.0,739.0,782.0,0.0,0.0,1.0,1.0
304,73,2092,157.0,True,25.0,True,46285.0,1,0,0,0.04,8,46995.0,47152.0,710.0,867.0,0.0,0.0,1.0,1.0
300,289,1218,54.0,True,491.0,False,45805.0,1,0,1,0.0,8,47153.0,47153.0,1348.0,1348.0,0.0,0.0,0.0,0.0
305,264,1754,3598.0,False,35.0,True,46549.0,1,1,0,0.02,7,47153.0,47442.0,604.0,893.0,0.0,0.0,1.0,0.0
306,167,1569,42.0,True,41.0,True,46716.0,1,0,0,0.0,0,47443.0,47485.0,727.0,769.0,0.0,0.0,1.0,1.0
302,253,1185,1368.0,True,1003.0,True,46097.0,0,0,2,0.0,3,47486.0,47486.0,1389.0,1389.0,0.0,0.0,0.0,0.0
307,183,2432,305.0,True,59.0,True,46899.0,1,0,0,0.01,5,47486.0,47791.0,587.0,892.0,0.0,0.0,1.0,1.0
309,294,1450,83.0,True,83.0,True,47442.0,1,0,0,0.02,5,47792.0,47875.0,350.0,433.0,0.0,0.0,1.0,1.0
301,39,2518,1459.0,True,298.0,True,45844.0,1,0,0,0.01,4,47876.0,49335.0,2032.0,3491.0,0.0,0.0,1.0,1.0
297,109,2958,3598.0,False,2780.0,False,45393.0,0,0,4,0.0,11,49336.0,49336.0,3943.0,3943.0,0.0,0.0,0.0,0.0
310,251,1358,3598.0,False,600.0,False,47693.0,1,0,0,0.0,10,49336.0,49336.0,1643.0,1643.0,0.0,0.0,0.0,0.0
308,249,2907,555.0,True,485.0,True,47148.0,1,0,0,0.05,10,49336.0,49891.0,2188.0,2743.0,0.0,0.0,1.0,1.0
315,175,1029,6.0,True,21.0,True,48897.0,0,0,1,1.0,13,49893.0,49893.0,996.0,996.0,0.0,0.0,0.0,0.0
312,277,1866,2.0,True,6.0,True,48222.0,1,0,0,0.16,12,49894.0,49896.0,1672.0,1674.0,0.0,0.0,1.0,1.0
318,97,1418,35.0,True,200.0,True,49143.0,1,0,0,1.0,11,49898.0,49933.0,755.0,790.0,0.0,0.0,1.0,1.0
314,295,2721,5.0,True,19.0,True,48722.0,1,0,0,0.05,10,49934.0,49939.0,1212.0,1217.0,0.0,0.0,1.0,1.0
316,43,2237,9.0,True,23.0,True,48940.0,1,0,0,0.05,9,49940.0,49949.0,1000.0,1009.0,0.0,0.0,1.0,1.0
313,205,1833,3598.0,False,85.0,False,48427.0,1,1,0,0.07,8,49950.0,49954.0,1523.0,1527.0,0.0,0.0,1.0,0.0
321,235,2539,3598.0,False,385.0,True,49706.0,1,1,0,0.0,0,49955.0,50124.0,249.0,418.0,0.0,0.0,1.0,0.0
319,84,1324,3598.0,False,1162.0,False,49227.0,1,1,2,0.0,0,50125.0,50282.0,898.0,1055.0,0.0,0.0,1.0,0.0
311,252,2842,3598.0,False,1248.0,False,47945.0,0,0,4,0.0,0,50283.0,50283.0,2338.0,2338.0,0.0,0.0,0.0,0.0
317,106,2920,3598.0,False,480.0,False,49046.0,1,1,0,0.0,0,50284.0,50415.0,1238.0,1369.0,0.0,0.0,1.0,0.0
322,45,2400,3598.0,False,1322.0,False,49751.0,1,1,1,0.0,0,50416.0,50534.0,665.0,783.0,0.0,0.0,1.0,0.0
324,161,2626,54.0,True,117.0,True,49954.0,-1,0,0,0.0,0,50535.0,50589.0,581.0,635.0,0.0,0.0,1.0,1.0
326,158,1535,138.0,True,296.0,True,50282.0,1,0,0,0.02,6,50590.0,50728.0,308.0,446.0,0.0,0.0,1.0,1.0
327,133,2768,16.0,True,60.0,True,50415.0,1,0,0,0.02,6,50729.0,50745.0,314.0,330.0,0.0,0.0,1.0,1.0
329,97,1629,40.0,True,114.0,True,50631.0,1,0,0,0.02,5,50746.0,50786.0,115.0,155.0,0.0,0.0,1.0,1.0
325,170,2416,79.0,True,182.0,True,50124.0,1,0,0,0.01,4,50787.0,50866.0,663.0,742.0,0.0,0.0,1.0,1.0
328,119,1356,3598.0,False,469.0,True,50534.0,1,1,0,0.01,3,50867.0,50908.0,333.0,374.0,0.0,0.0,1.0,0.0
320,244,1447,56.0,True,1532.0,False,49471.0,0,0,9,0.0,0,50909.0,50909.0,1438.0,1438.0,0.0,0.0,0.0,0.0
323,42,1498,3598.0,False,2339.0,False,49793.0,0,0,8,0.0,0,50910.0,50910.0,1117.0,1117.0,0.0,0.0,0.0,0.0
330,277,2103,3598.0,False,1021.0,True,50908.0,-1,1,0,0.0,0,50911.0,50981.0,3.0,73.0,0.0,0.0,1.0,0.0
331,51,2261,70.0,True,497.0,True,50959.0,-1,0,0,0.0,0,50982.0,51052.0,23.0,93.0,0.0,0.0,1.0,1.0
332,22,2921,3598.0,False,424.0,True,50981.0,-1,1,0,0.0,1,51053.0,51317.0,72.0,336.0,0.0,0.0,1.0,0.0
333,125,1811,42.0,True,209.0,True,51106.0,-1,0,0,0.0,0,51318.0,51360.0,212.0,254.0,0.0,0.0,1.0,1.0
335,138,1311,3598.0,False,732.0,False,51317.0,1,1,0,0.01,2,51361.0,51614.0,44.0,297.0,0.0,0.0,1.0,0.0
334,73,2966,2643.0,True,1217.0,True,51179.0,1,1,0,0.0,0,51615.0,51718.0,436.0,539.0,0.0,0.0,1.0,0.0
336,89,1375,8.0,True,59.0,True,51406.0,-1,0,0,0.0,0,51719.0,51727.0,313.0,321.0,0.0,0.0,1.0,1.0
338,104,1224,3598.0,False,978.0,False,51718.0,1,1,0,0.0,2,51728.0,51738.0,10.0,20.0,0.0,0.0,1.0,0.0
337,208,2026,342.0,True,357.0,True,51614.0,1,0,0,0.0,0,51739.0,52081.0,125.0,467.0,0.0,0.0,1.0,1.0
339,20,1945,35.0,True,180.0,True,51738.0,1,0,0,0.0,2,52082.0,52117.0,344.0,379.0,0.0,0.0,1.0,1.0
340,231,2617,7.0,True,68.0,True,51969.0,1,0,0,0.0,1,52118.0,52125.0,149.0,156.0,0.0,0.0,1.0,1.0
341,206,2555,3598.0,False,723.0,True,52175.0,-1,1,0,0.0,0,52175.0,52489.0,0.0,314.0,50.0,0.0,1.0,0.0
343,252,1375,850.0,True,426.0,True,52489.0,-1,0,0,0.0,0,52490.0,53340.0,1.0,851.0,0.0,0.0,1.0,1.0
344,13,1440,97.0,True,364.0,True,52502.0,-1,0,0,1.0,9,53342.0,53439.0,840.0,937.0,0.0,0.0,1.0,1.0
352,247,1644,119.0,True,162.0,True,53413.0,-1,0,0,1.0,9,53441.0,53560.0,28.0,147.0,0.0,0.0,1.0,1.0
349,108,2345,1564.0,True,249.0,True,52833.0,1,1,0,0.47,8,53561.0,53683.0,728.0,850.0,0.0,0.0,1.0,0.0
346,32,2814,60.0,True,315.0,True,52552.0,1,0,0,0.0,0,53684.0,53744.0,1132.0,1192.0,0.0,0.0,1.0,1.0
342,62,2197,443.0,True,518.0,True,52237.0,1,0,1,0.03,7,53745.0,54188.0,1508.0,1951.0,0.0,0.0,1.0,1.0
345,18,1643,3000.0,True,804.0,True,52520.0,0,0,2,0.0,8,54189.0,54189.0,1669.0,1669.0,0.0,0.0,0.0,0.0
350,230,1784,536.0,True,244.0,True,53063.0,1,0,0,0.02,7,54189.0,54725.0,1126.0,1662.0,0.0,0.0,1.0,1.0
347,153,1777,2885.0,True,485.0,True,52705.0,1,0,0,0.0,9,54726.0,54726.0,2021.0,2021.0,0.0,0.0,0.0,0.0
354,262,1673,111.0,True,153.0,True,53945.0,1,0,0,0.02,8,54726.0,54837.0,781.0,892.0,0.0,0.0,1.0,1.0
348,20,2030,3598.0,False,1052.0,False,52725.0,0,0,4,0.0,7,54838.0,54838.0,2113.0,2113.0,0.0,0.0,0.0,0.0
353,270,2611,19.0,True,63.0,True,53683.0,1,0,0,0.01,7,54838.0,54857.0,1155.0,1174.0,0.0,0.0,1.0,1.0
359,111,1675,60.0,True,216.0,True,54758.0,1,0,0,0.01,6,54858.0,54918.0,100.0,160.0,0.0,0.0,1.0,1.0
357,170,2191,91.0,True,458.0,True,54597.0,1,0,0,0.02,6,54919.0,55010.0,322.0,413.0,0.0,0.0,1.0,1.0
361,94,1106,477.0,True,341.0,True,54994.0,1,0,0,0.02,6,55011.0,55488.0,17.0,494.0,0.0,0.0,1.0,1.0
351,103,2166,3598.0,False,626.0,False,53166.0,0,0,4,0.0,7,55489.0,55489.0,2323.0,2323.0,0.0,0.0,0.0,0.0
360,142,2030,2281.0,True,536.0,True,54900.0,1,1,0,0.04,7,55489.0,55563.0,589.0,663.0,0.0,0.0,1.0,0.0
356,287,1573,266.0,True,489.0,True,54427.0,0,0,2,0.0,0,55564.0,55564.0,1137.0,1137.0,0.0,0.0,0.0,0.0
362,39,1103,888.0,True,190.0,True,55033.0,1,0,0,0.0,0,55565.0,56453.0,532.0,1420.0,0.0,0.0,1.0,1.0
355,195,1998,364.0,True,544.0,True,54140.0,0,0,3,0.0,9,56454.0,56454.0,2314.0,2314.0,0.0,0.0,0.0,0.0
365,278,1100,35.0,True,195.0,True,55563.0,1,0,0,0.04,9,56454.0,56489.0,891.0,926.0,0.0,0.0,1.0,1.0
367,113,1155,122.0,True,128.0,True,55797.0,1,0,1,0.04,8,56490.0,56612.0,693.0,815.0,0.0,0.0,1.0,1.0
358,50,2017,3598.0,False,577.0,False,54647.0,1,1,0,0.07,8,56613.0,56842.0,1966.0,2195.0,0.0,0.0,1.0,0.0
368,237,1531,3598.0,False,243.0,True,56034.0,1,1,0,0.0,0,56843.0,56946.0,809.0,912.0,0.0,0.0,1.0,0.0
364,109,2067,3598.0,False,985.0,False,55285.0,0,0,3,0.0,0,56947.0,56947.0,1662.0,1662.0,0.0,0.0,0.0,0.0
366,121,1834,613.0,True,288.0,True,55684.0,1,0,0,0.0,0,56948.0,57561.0,1264.0,1877.0,0.0,0.0,1.0,1.0
369,123,2660,4.0,True,116.0,False,56157.0,1,0,0,0.14,8,57562.0,57566.0,1405.0,1409.0,0.0,0.0,1.0,1.0
370,291,1774,3598.0,False,211.0,False,56448.0,1,1,0,0.02,7,57567.0,57626.0,1119.0,1178.0,0.0,0.0,1.0,0.0
371,160,1184,2.0,True,188.0,True,56608.0,1,0,0,0.0,0,57627.0,57629.0,1019.0,1021.0,0.0,0.0,1.0,1.0
372,234,2848,172.0,True,218.0,True,56842.0,1,0,0,0.01,6,57630.0,57802.0,788.0,960.0,0.0,0.0,1.0,1.0
377,24,1714,2.0,True,118.0,True,57650.0,1,0,0,0.01,7,57803.0,57805.0,153.0,155.0,0.0,0.0,1.0,1.0
363,143,2885,345.0,True,231.0,True,55176.0,1,0,0,0.01,6,57806.0,58151.0,2630.0,2975.0,0.0,0.0,1.0,1.0
375,224,1320,354.0,True,291.0,True,57411.0,1,0,0,0.03,8,58152.0,58506.0,741.0,1095.0,0.0,0.0,1.0,1.0
373,104,1809,3598.0,False,284.0,True,56946.0,1,1,0,0.04,9,58507.0,58724.0,1561.0,1778.0,0.0,0.0,1.0,0.0
374,241,1543,3.0,True,333.0,False,57187.0,0,0,5,0.0,0,58725.0,58725.0,1538.0,1538.0,0.0,0.0,0.0,0.0
378,3,1507,8.0,True,388.0,True,57653.0,1,0,1,0.0,0,58726.0,58734.0,1073.0,1081.0,0.0,0.0,1.0,1.0
379,268,2504,374.0,True,103.0,True,57921.0,1,0,0,0.01,7,58735.0,59109.0,814.0,1188.0,0.0,0.0,1.0,1.0
381,37,2869,11.0,True,329.0,True,58006.0,1,0,0,0.09,9,59110.0,59121.0,1104.0,1115.0,0.0,0.0,1.0,1.0
387,29,1856,14.0,True,128.0,True,59050.0,1,0,0,0.23,8,59122.0,59136.0,72.0,86.0,0.0,0.0,1.0,1.0
385,37,2117,3598.0,False,222.0,True,58761.0,1,1,0,0.05,7,59137.0,59236.0,376.0,475.0,0.0,0.0,1.0,0.0
376,215,2041,93.0,True,341.0,True,57626.0,1,0,0,0.0,0,59237.0,59330.0,1611.0,1704.0,0.0,0.0,1.0,1.0
388,186,2322,48.0,True,326.0,True,59236.0,1,0,0,0.05,6,59331.0,59379.0,95.0,143.0,0.0,0.0,1.0,1.0
382,172,2465,3598.0,False,551.0,False,58178.0,1,1,0,0.01,5,59380.0,59526.0,1202.0,1348.0,0.0,0.0,1.0,0.0
380,48,2476,3598.0,False,717.0,True,57969.0,1,1,6,0.0,0,59527.0,59545.0,1558.0,1576.0,0.0,0.0,1.0,0.0
383,290,2985,1812.0,True,591.0,True,58468.0,1,1,0,0.0,0,59546.0,59725.0,1078.0,1257.0,0.0,0.0,1.0,0.0
384,256,2738,1941.0,True,529.0,True,58724.0,1,1,0,0.0,0,59726.0,59739.0,1002.0,1015.0,0.0,0.0,1.0,0.0
386,260,1077,7.0,True,890.0,False,59021.0,0,0,5,0.0,0,59740.0,59740.0,719.0,719.0,0.0,0.0,0.0,0.0
389,290,2800,2450.0,True,333.0,True,59526.0,-1,1,0,0.0,0,59741.0,59990.0,215.0,464.0,0.0,0.0,1.0,0.0
391,180,2100,470.0,True,47.0,True,59725.0,-1,0,0,0.0,0,59991.0,60461.0,266.0,736.0,0.0,0.0,1.0,1.0
396,240,2454,9.0,True,21.0,True,60439.0,1,0,0,0.01,6,60462.0,60471.0,23.0,32.0,0.0,0.0,1.0,1.0
394,25,1084,4.0,True,129.0,True,60015.0,1,0,0,0.01,5,60472.0,60476.0,457.0,461.0,0.0,0.0,1.0,1.0
390,19,1087,8.0,True,421.0,True,59545.0,1,0,2,0.01,4,60477.0,60485.0,932.0,940.0,0.0,0.0,1.0,1.0
395,184,2012,161.0,True,200.0,True,60199.0,1,0,0,0.01,3,60486.0,60647.0,287.0,448.0,0.0,0.0,1.0,1.0
397,203,1803,3598.0,False,196.0,True,60642.0,1,1,0,0.01,3,60648.0,60695.0,6.0,53.0,0.0,0.0,1.0,0.0
393,251,2587,10.0,True,243.0,True,59990.0,1,0,0,0.0,0,60696.0,60706.0,706.0,716.0,0.0,0.0,1.0,1.0
392,14,2465,3598.0,False,869.0,True,59739.0,1,1,0,0.01,2,60707.0,60858.0,968.0,1119.0,0.0,0.0,1.0,0.0
398,53,1296,19.0,True,131.0,True,60695.0,1,0,0,0.0,0,60859.0,60878.0,164.0,183.0,0.0,0.0,1.0,1.0
399,163,2315,15.0,True,174.0,True,60858.0,-1,0,0,0.0,1,60879.0,60894.0,21.0,36.0,0.0,0.0,1.0,1.0
400,41,2071,23.0,True,246.0,True,60899.0,-1,0,0,0.0,0,60899.0,60922.0,0.0,23.0,5.0,0.0,1.0,1.0
401,85,2772,1754.0,True,212.0,True,60984.0,-1,0,0,0.0,0,60984.0,62738.0,0.0,1754.0,62.0,0.0,1.0,1.0
404,10,1221,3598.0,False,2313.0,False,61171.0,-1,0,0,0.0,10,62739.0,62739.0,1568.0,1568.0,0.0,0.0,0.0,0.0
410,232,1040,596.0,True,377.0,True,62119.0,-1,0,0,1.0,12,62740.0,63336.0,621.0,1217.0,0.0,0.0,1.0,1.0
402,75,1988,3598.0,False,2291.0,False,61059.0,-1,0,0,0.0,8,63337.0,63337.0,2278.0,2278.0,0.0,0.0,0.0,0.0
403,102,1948,3598.0,False,2214.0,False,61161.0,-1,0,0,0.0,9,63337.0,63337.0,2176.0,2176.0,0.0,0.0,0.0,0.0
408,206,1054,3598.0,False,2885.0,False,61710.0,-1,0,0,0.0,11,63337.0,63337.0,1627.0,1627.0,0.0,0.0,0.0,0.0
407,14,1840,506.0,True,100.0,True,61504.0,-1,0,0,1.0,12,63338.0,63844.0,1834.0,2340.0,0.0,0.0,1.0,1.0
405,35,2365,840.0,True,199.0,True,61206.0,-1,0,0,0.0,14,63845.0,63845.0,2639.0,2639.0,0.0,0.0,0.0,0.0
406,284,2208,3598.0,False,2438.0,False,61490.0,-1,0,0,0.0,4,63845.0,63845.0,2355.0,2355.0,0.0,0.0,0.0,0.0
411,228,1306,3598.0,False,2394.0,False,62347.0,-1,0,0,0.0,11,63845.0,63845.0,1498.0,1498.0,0.0,0.0,0.0,0.0
417,50,1944,3598.0,False,1005.0,False,62957.0,-1,1,0,1.0,11,63846.0,64016.0,889.0,1059.0,0.0,0.0,1.0,0.0
419,277,2529,123.0,True,871.0,True,63447.0,-1,0,0,0.0,0,64017.0,64140.0,570.0,693.0,0.0,0.0,1.0,1.0
423,96,1978,3598.0,False,124.0,True,64112.0,-1,1,0,1.0,11,64142.0,64307.0,30.0,195.0,0.0,0.0,1.0,0.0
420,177,1599,3598.0,False,1959.0,False,63624.0,-1,1,0,0.0,0,64308.0,64572.0,684.0,948.0,0.0,0.0,1.0,0.0
421,183,1211,3598.0,False,2819.0,False,63807.0,-1,1,0,0.0,0,64573.0,64664.0,766.0,857.0,0.0,0.0,1.0,0.0
418,213,1431,3598.0,False,2637.0,False,63170.0,-1,0,0,0.0,0,64665.0,64665.0,1495.0,1495.0,0.0,0.0,0.0,0.0
412,71,1897,3598.0,False,2209.0,False,62418.0,-1,0,0,0.0,0,64666.0,64666.0,2248.0,2248.0,0.0,0.0,0.0,0.0
413,121,1788,3598.0,False,2613.0,False,62539.0,-1,0,0,0.0,0,64667.0,64667.0,2128.0,2128.0,0.0,0.0,0.0,0.0
415,210,2257,3598.0,False,2219.0,False,62835.0,-1,1,0,0.0,0,64668.0,64813.0,1833.0,1978.0,0.0,0.0,1.0,0.0
409,177,2533,3598.0,False,2168.0,False,61887.0,-1,0,0,0.0,0,64814.0,64814.0,2927.0,2927.0,0.0,0.0,0.0,0.0
416,72,1817,3598.0,False,3251.0,False,62907.0,-1,0,0,0.0,0,64815.0,64815.0,1908.0,1908.0,0.0,0.0,0.0,0.0
422,209,2339,3598.0,False,2755.0,False,64016.0,-1,1,0,0.0,0,64816.0,65417.0,800.0,1401.0,0.0,0.0,1.0,0.0
424,195,2544,3598.0,False,2979.0,False,64307.0,-1,1,0,0.0,0,65418.0,65559.0,1111.0,1252.0,0.0,0.0,1.0,0.0
414,86,2644,3598.0,False,3034.0,False,62625.0,-1,0,0,0.0,0,65560.0,65560.0,2935.0,2935.0,0.0,0.0,0.0,0.0
431,243,2153,297.0,True,27.0,True,65417.0,-1,0,0,0.0,0,65561.0,65858.0,144.0,441.0,0.0,0.0,1.0,1.0
425,265,1773,3598.0,False,2129.0,False,64572.0,-1,1,0,1.0,8,65860.0,66682.0,1288.0,2110.0,0.0,0.0,1.0,0.0
434,176,1912,3598.0,False,1791.0,False,65916.0,-1,1,0,0.0,0,66683.0,66799.0,767.0,883.0,0.0,0.0,1.0,0.0
428,70,1358,3598.0,False,2793.0,False,64883.0,-1,0,0,0.0,0,66800.0,66800.0,1917.0,1917.0,0.0,0.0,0.0,0.0
430,238,1576,3598.0,False,3266.0,False,65174.0,-1,0,0,0.0,0,66801.0,66801.0,1627.0,1627.0,0.0,0.0,0.0,0.0
427,149,2203,3598.0,False,2704.0,False,64813.0,-1,1,0,0.0,0,66802.0,66902.0,1989.0,2089.0,0.0,0.0,1.0,0.0
426,92,2747,3598.0,False,2547.0,False,64664.0,-1,1,0,0.0,0,66903.0,67055.0,2239.0,2391.0,0.0,0.0,1.0,0.0
433,181,2588,3598.0,False,3251.0,False,65740.0,-1,1,0,0.0,0,67056.0,67351.0,1316.0,1611.0,0.0,0.0,1.0,0.0
429,53,2761,3598.0,False,3091.0,False,64936.0,-1,1,0,0.0,0,67352.0,67594.0,2416.0,2658.0,0.0,0.0,1.0,0.0
432,142,2837,3598.0,False,3199.0,False,65559.0,-1,1,0,0.0,0,67595.0,67866.0,2036.0,2307.0,0.0,0.0,1.0,0.0
439,84,2277,52.0,True,201.0,True,66682.0,-1,0,0,0.0,0,67867.0,67919.0,1185.0,1237.0,0.0,0.0,1.0,1.0
435,276,1137,3598.0,False,2276.0,False,66192.0,-1,0,0,0.0,7,67920.0,67920.0,1728.0,1728.0,0.0,0.0,0.0,0.0
443,296,1156,3598.0,False,390.0,False,67351.0,1,1,0,0.4,9,67920.0,68019.0,569.0,668.0,0.0,0.0,1.0,0.0
442,153,1258,3598.0,False,550.0,False,67055.0,0,0,1,0.0,0,68020.0,68020.0,965.0,965.0,0.0,0.0,0.0,0.0
440,117,2085,173.0,True,398.0,True,66799.0,1,0,0,0.0,0,68021.0,68194.0,1222.0,1395.0,0.0,0.0,1.0,1.0
444,243,1897,3412.0,True,262.0,False,67594.0,1,1,0,0.03,7,68195.0,68213.0,601.0,619.0,0.0,0.0,1.0,0.0
446,153,1783,3598.0,False,666.0,False,68019.0,1,1,0,0.0,0,68214.0,68332.0,195.0,313.0,0.0,0.0,1.0,0.0
438,218,2862,3007.0,True,691.0,True,66598.0,1,1,0,0.0,0,68333.0,68396.0,1735.0,1798.0,0.0,0.0,1.0,0.0
441,103,1371,3598.0,False,1128.0,False,66902.0,0,0,2,0.0,0,68397.0,68397.0,1495.0,1495.0,0.0,0.0,0.0,0.0
437,90,2109,3598.0,False,2607.0,False,66380.0,0,0,2,0.0,0,68398.0,68398.0,2018.0,2018.0,0.0,0.0,0.0,0.0
445,272,2251,3598.0,False,1074.0,False,67866.0,1,1,0,0.0,0,68399.0,68409.0,533.0,543.0,0.0,0.0,1.0,0.0
436,98,2755,3598.0,False,1987.0,False,66290.0,0,0,2,0.0,0,68410.0,68410.0,2120.0,2120.0,0.0,0.0,0.0,0.0
447,194,2907,3598.0,False,779.0,False,68213.0,-1,1,0,0.0,0,68411.0,68587.0,198.0,374.0,0.0,0.0,1.0,0.0
449,64,1994,3598.0,False,1304.0,False,68396.0,-1,1,0,0.0,0,68588.0,68657.0,192.0,261.0,0.0,0.0,1.0,0.0
452,70,1304,185.0,True,123.0,True,68657.0,-1,0,0,0.0,0,68658.0,68843.0,1.0,186.0,0.0,0.0,1.0,1.0
451,178,2799,3598.0,False,427.0,False,68587.0,1,1,0,0.01,3,68844.0,68949.0,257.0,362.0,0.0,0.0,1.0,0.0
448,119,2547,2265.0,True,675.0,False,68332.0,1,0,0,0.0,0,68950.0,71215.0,618.0,2883.0,0.0,0.0,1.0,1.0
450,13,2661,3598.0,False,813.0,False,68409.0,1,0,0,0.0,19,71216.0,71216.0,2807.0,2807.0,0.0,0.0,0.0,0.0
453,292,1988,3.0,True,8.0,True,68949.0,-1,0,0,0.0,18,71216.0,71216.0,2267.0,2267.0,0.0,0.0,0.0,0.0
454,296,1419,3598.0,False,3091.0,False,69245.0,-1,0,0,0.0,5,71216.0,71216.0,1971.0,1971.0,0.0,0.0,0.0,0.0
456,90,1435,3598.0,False,2313.0,False,69514.0,-1,0,0,0.0,7,71216.0,71216.0,1702.0,1702.0,0.0,0.0,0.0,0.0
457,67,1238,3598.0,False,2085.0,False,69581.0,-1,0,0,0.0,9,71216.0,71216.0,1635.0,1635.0,0.0,0.0,0.0,0.0
461,38,1795,23.0,True,20.0,True,70053.0,-1,0,0,1.0,14,71217.0,71240.0,1164.0,1187.0,0.0,0.0,1.0,1.0
469,111,1207,16.0,True,702.0,False,70828.0,-1,0,0,1.0,13,71242.0,71258.0,414.0,430.0,0.0,0.0,1.0,1.0
468,6,1876,3598.0,False,98.0,True,70717.0,-1,1,0,1.0,13,71260.0,71296.0,543.0,579.0,0.0,0.0,1.0,0.0
459,16,1783,29.0,True,204.0,True,69755.0,-1,0,0,0.0,0,71297.0,71326.0,1542.0,1571.0,0.0,0.0,1.0,1.0
472,38,2411,34.0,True,128.0,True,71296.0,-1,0,0,1.0,12,71328.0,71362.0,32.0,66.0,0.0,0.0,1.0,1.0
460,260,2623,23.0,True,133.0,True,70015.0,-1,0,0,1.0,12,71364.0,71387.0,1349.0,1372.0,0.0,0.0,1.0,1.0
471,176,2729,36.0,True,53.0,True,71258.0,-1,0,0,1.0,11,71389.0,71425.0,131.0,167.0,0.0,0.0,1.0,1.0
462,95,2616,2033.0,True,178.0,True,70148.0,-1,0,0,1.0,10,71427.0,73460.0,1279.0,3312.0,0.0,0.0,1.0,1.0
455,179,2463,3598.0,False,2865.0,False,69424.0,-1,0,0,0.0,7,73461.0,73461.0,4037.0,4037.0,0.0,0.0,0.0,0.0
458,158,2956,3598.0,False,2780.0,False,69739.0,-1,0,0,0.0,3,73461.0,73461.0,3722.0,3722.0,0.0,0.0,0.0,0.0
463,164,2905,3598.0,False,2583.0,False,70312.0,-1,0,0,0.0,6,73461.0,73461.0,3149.0,3149.0,0.0,0.0,0.0,0.0
464,26,2940,3598.0,False,2239.0,False,70338.0,-1,0,0,0.0,8,73461.0,73461.0,3123.0,3123.0,0.0,0.0,0.0,0.0
465,52,2689,2832.0,True,274.0,False,70390.0,-1,0,0,0.0,23,73461.0,73461.0,3071.0,3071.0,0.0,0.0,0.0,0.0
466,166,1128,3598.0,False,2361.0,False,70556.0,-1,0,0,0.0,20,73461.0,73461.0,2905.0,2905.0,0.0,0.0,0.0,0.0
467,155,1570,3598.0,False,2224.0,False,70711.0,-1,0,0,0.0,18,73461.0,73461.0,2750.0,2750.0,0.0,0.0,0.0,0.0
470,254,1236,1982.0,True,1991.0,True,71082.0,-1,0,0,0.0,21,73461.0,73461.0,2379.0,2379.0,0.0,0.0,0.0,0.0
480,45,1657,12.0,True,87.0,True,72467.0,-1,0,0,1.0,16,73462.0,73474.0,995.0,1007.0,0.0,0.0,1.0,1.0
484,126,1598,173.0,True,168.0,True,72781.0,-1,0,0,1.0,15,73476.0,73649.0,695.0,868.0,0.0,0.0,1.0,1.0
474,192,2096,129.0,True,224.0,True,71537.0,-1,0,0,0.0,15,73650.0,73650.0,2113.0,2113.0,0.0,0.0,0.0,0.0
491,23,1652,189.0,True,346.0,True,73646.0,-1,0,0,1.0,16,73651.0,73840.0,5.0,194.0,0.0,0.0,1.0,1.0
486,122,1851,174.0,True,150.0,True,73024.0,-1,0,0,1.0,15,73842.0,74016.0,818.0,992.0,0.0,0.0,1.0,1.0
473,49,2553,3156.0,True,469.0,False,71345.0,-1,0,0,0.0,7,74017.0,74017.0,2672.0,2672.0,0.0,0.0,0.0,0.0
492,214,1031,1884.0,True,364.0,True,73860.0,-1,1,0,1.0,15,74018.0,74135.0,158.0,275.0,0.0,0.0,1.0,0.0
487,114,1970,212.0,True,360.0,True,73138.0,-1,0,0,0.0,0,74136.0,74348.0,998.0,1210.0,0.0,0.0,1.0,1.0
476,298,2153,3598.0,False,677.0,False,72015.0,-1,0,0,0.0,10,74349.0,74349.0,2334.0,2334.0,0.0,0.0,0.0,0.0
479,108,2202,136.0,True,163.0,True,72422.0,-1,0,0,1.0,13,74350.0,74486.0,1928.0,2064.0,0.0,0.0,1.0,1.0
478,248,2124,3598.0,False,945.0,False,72314.0,-1,0,0,0.0,5,74487.0,74487.0,2173.0,2173.0,0.0,0.0,0.0,0.0
494,140,2721,429.0,True,290.0,True,74135.0,1,0,0,0.11,12,74487.0,74916.0,352.0,781.0,0.0,0.0,1.0,1.0
475,180,2979,3598.0,False,2559.0,False,71717.0,0,0,1,0.0,5,74917.0,74917.0,3200.0,3200.0,0.0,0.0,0.0,0.0
481,22,2332,3598.0,False,2329.0,False,72489.0,0,0,1,0.0,12,74917.0,74917.0,2428.0,2428.0,0.0,0.0,0.0,0.0
482,117,1934,2878.0,True,1722.0,True,72606.0,0,0,1,0.0,13,74917.0,74917.0,2311.0,2311.0,0.0,0.0,0.0,0.0
483,49,1883,2667.0,True,1615.0,False,72655.0,0,0,1,0.0,14,74917.0,74917.0,2262.0,2262.0,0.0,0.0,0.0,0.0
493,135,2145,211.0,True,317.0,True,73995.0,1,0,0,0.07,11,74917.0,75128.0,922.0,1133.0,0.0,0.0,1.0,1.0
477,51,2863,23.0,True,115.0,True,72066.0,0,0,1,0.0,5,75129.0,75129.0,3063.0,3063.0,0.0,0.0,0.0,0.0
498,290,2972,26.0,True,202.0,True,74892.0,1,0,0,0.06,11,75129.0,75155.0,237.0,263.0,0.0,0.0,1.0,1.0
497,45,1818,307.0,True,326.0,True,74602.0,1,0,0,0.03,10,75156.0,75463.0,554.0,861.0,0.0,0.0,1.0,1.0
485,121,2827,563.0,True,133.0,True,72902.0,1,0,2,0.46,11,75464.0,76027.0,2562.0,3125.0,0.0,0.0,1.0,1.0
488,86,2296,365.0,True,396.0,True,73224.0,0,0,4,0.0,7,76028.0,76028.0,2804.0,2804.0,0.0,0.0,0.0,0.0
489,277,2383,245.0,True,338.0,True,73501.0,1,0,0,0.0,12,76028.0,76028.0,2527.0,2527.0,0.0,0.0,0.0,0.0
505,158,2008,649.0,True,323.0,True,75847.0,1,0,0,0.05,10,76028.0,76677.0,181.0,830.0,0.0,0.0,1.0,1.0
490,122,2702,191.0,True,359.0,True,73623.0,0,0,1,0.0,9,76678.0,76678.0,3055.0,3055.0,0.0,0.0,0.0,0.0
509,232,1242,3281.0,True,249.0,True,76607.0,-1,1,0,1.0,12,76679.0,76755.0,72.0,148.0,0.0,0.0,1.0,0.0
510,148,1960,3598.0,False,89.0,True,76755.0,-1,1,0,0.0,0,76756.0,76813.0,1.0,58.0,0.0,0.0,1.0,0.0
502,219,1757,3598.0,False,463.0,True,75157.0,0,0,2,0.0,0,76814.0,76814.0,1657.0,1657.0,0.0,0.0,0.0,0.0
499,2,1969,188.0,True,332.0,True,74894.0,1,0,0,0.0,0,76815.0,77003.0,1921.0,2109.0,0.0,0.0,1.0,1.0
495,215,2362,595.0,True,357.0,True,74350.0,1,0,0,0.0,8,77004.0,77004.0,2654.0,2654.0,0.0,0.0,0.0,0.0
496,207,2777,3598.0,False,98.0,True,74557.0,1,1,0,0.04,10,77004.0,77018.0,2447.0,2461.0,0.0,0.0,1.0,0.0
512,65,1021,20.0,True,29.0,True,76878.0,1,0,0,0.0,0,77019.0,77039.0,141.0,161.0,0.0,0.0,1.0,1.0
507,273,2300,509.0,True,180.0,True,76331.0,1,0,0,0.03,9,77040.0,77549.0,709.0,1218.0,0.0,0.0,1.0,1.0
501,21,2541,206.0,True,373.0,True,74938.0,0,0,2,0.0,5,77550.0,77550.0,2612.0,2612.0,0.0,0.0,0.0,0.0
500,23,2999,208.0,True,326.0,True,74917.0,1,0,0,0.04,9,77550.0,77758.0,2633.0,2841.0,0.0,0.0,1.0,1.0
504,244,2364,223.0,True,364.0,True,75689.0,1,0,3,0.02,8,77759.0,77982.0,2070.0,2293.0,0.0,0.0,1.0,1.0
503,288,2623,305.0,True,197.0,True,75445.0,1,0,1,0.07,10,77983.0,78288.0,2538.0,2843.0,0.0,0.0,1.0,1.0
506,211,2332,223.0,True,323.0,True,76058.0,1,0,0,0.13,11,78289.0,78512.0,2231.0,2454.0,0.0,0.0,1.0,1.0
519,202,1384,36.0,True,74.0,True,78183.0,1,0,0,1.0,12,78514.0,78550.0,331.0,367.0,0.0,0.0,1.0,1.0
511,58,2039,133.0,True,41.0,True,76813.0,1,0,0,0.07,11,78551.0,78684.0,1738.0,1871.0,0.0,0.0,1.0,1.0
520,8,1377,62.0,True,92.0,True,78191.0,1,0,0,1.0,10,78686.0,78748.0,495.0,557.0,0.0,0.0,1.0,1.0
514,270,1403,3598.0,False,1328.0,False,77288.0,0,0,5,0.0,5,78749.0,78749.0,1461.0,1461.0,0.0,0.0,0.0,0.0
521,142,2251,3598.0,False,209.0,True,78333.0,1,1,0,0.22,8,78749.0,78806.0,416.0,473.0,0.0,0.0,1.0,0.0
515,235,1929,636.0,True,210.0,True,77523.0,1,0,0,0.0,0,78807.0,79443.0,1284.0,1920.0,0.0,0.0,1.0,1.0
508,44,2382,3598.0,False,842.0,False,76375.0,0,0,4,0.0,5,79444.0,79444.0,3069.0,3069.0,0.0,0.0,0.0,0.0
516,250,1646,3598.0,False,423.0,True,77773.0,0,0,1,0.0,9,79444.0,79444.0,1671.0,1671.0,0.0,0.0,0.0,0.0
522,177,1111,5.0,True,429.0,True,78510.0,1,0,0,0.04,7,79444.0,79449.0,934.0,939.0,0.0,0.0,1.0,1.0
513,140,2543,70.0,True,619.0,False,77018.0,1,0,3,0.02,6,79450.0,79520.0,2432.0,2502.0,0.0,0.0,1.0,1.0
526,170,1464,3598.0,False,1248.0,False,79511.0,1,1,0,0.01,6,79521.0,79573.0,10.0,62.0,0.0,0.0,1.0,0.0
517,175,2494,3598.0,False,2173.0,False,77948.0,0,0,4,0.0,0,79574.0,79574.0,1626.0,1626.0,0.0,0.0,0.0,0.0
518,33,2989,1535.0,True,465.0,True,77981.0,1,0,1,0.0,0,79575.0,81110.0,1594.0,3129.0,0.0,0.0,1.0,1.0
525,244,2238,689.0,True,388.0,True,79341.0,1,0,0,0.09,12,81111.0,81800.0,1770.0,2459.0,0.0,0.0,1.0,1.0
523,296,2825,3598.0,False,1641.0,False,78806.0,0,0,2,0.0,5,81801.0,81801.0,2995.0,2995.0,0.0,0.0,0.0,0.0
527,62,2021,3598.0,False,525.0,False,79573.0,1,0,0,0.0,14,81801.0,81801.0,2228.0,2228.0,0.0,0.0,0.0,0.0
538,9,2048,43.0,True,48.0,True,81520.0,1,0,0,0.04,13,81801.0,81844.0,281.0,324.0,0.0,0.0,1.0,1.0
536,220,1777,143.0,True,200.0,True,81298.0,1,0,0,0.05,12,81845.0,81988.0,547.0,690.0,0.0,0.0,1.0,1.0
524,291,2842,3598.0,False,2214.0,False,79097.0,0,0,4,0.0,2,81989.0,81989.0,2892.0,2892.0,0.0,0.0,0.0,0.0
534,224,2050,3598.0,False,180.0,True,80948.0,1,1,0,0.05,10,81989.0,82037.0,1041.0,1089.0,0.0,0.0,1.0,0.0
532,247,2371,40.0,True,109.0,True,80478.0,1,0,0,0.0,0,82038.0,82078.0,1560.0,1600.0,0.0,0.0,1.0,1.0
535,130,1532,65.0,True,53.0,True,81078.0,1,0,0,0.04,9,82079.0,82144.0,1001.0,1066.0,0.0,0.0,1.0,1.0
530,241,2288,613.0,True,37.0,True,80192.0,1,1,0,0.04,8,82145.0,82295.0,1953.0,2103.0,0.0,0.0,1.0,0.0
533,246,1782,395.0,True,8.0,True,80724.0,1,0,0,0.0,0,82296.0,82691.0,1572.0,1967.0,0.0,0.0,1.0,1.0
528,144,2669,3598.0,False,838.0,False,79717.0,0,0,5,0.0,8,82692.0,82692.0,2975.0,2975.0,0.0,0.0,0.0,0.0
529,234,2336,3598.0,False,415.0,True,79951.0,1,0,4,0.0,11,82692.0,82692.0,2741.0,2741.0,0.0,0.0,0.0,0.0
531,39,2454,3598.0,False,98.0,True,80231.0,1,0,0,0.0,10,82692.0,82692.0,2461.0,2461.0,0.0,0.0,0.0,0.0
540,276,1477,42.0,True,39.0,True,82037.0,1,0,0,0.03,8,82692.0,82734.0,655.0,697.0,0.0,0.0,1.0,1.0
539,241,2773,69.0,True,73.0,True,81761.0,1,0,0,0.01,7,82735.0,82804.0,974.0,1043.0,0.0,0.0,1.0,1.0
541,258,1124,276.0,True,91.0,True,82295.0,1,0,0,0.01,6,82805.0,83081.0,510.0,786.0,0.0,0.0,1.0,1.0
537,213,1504,3598.0,False,1652.0,False,81511.0,0,0,4,0.0,6,83082.0,83082.0,1571.0,1571.0,0.0,0.0,0.0,0.0
549,63,1467,8.0,True,45.0,True,82987.0,1,0,0,0.02,8,83082.0,83090.0,95.0,103.0,0.0,0.0,1.0,1.0
544,216,1819,47.0,True,107.0,True,82619.0,1,0,0,0.02,7,83091.0,83138.0,472.0,519.0,0.0,0.0,1.0,1.0
550,129,1841,21.0,True,52.0,True,83116.0,1,0,0,0.01,7,83139.0,83160.0,23.0,44.0,0.0,0.0,1.0,1.0
542,14,1860,230.0,True,148.0,True,82309.0,1,0,0,0.01,6,83161.0,83391.0,852.0,1082.0,0.0,0.0,1.0,1.0
553,13,2106,2188.0,True,15.0,True,83277.0,1,1,0,0.61,8,83393.0,83403.0,116.0,126.0,0.0,0.0,1.0,0.0
552,101,2768,372.0,True,27.0,True,83264.0,1,0,0,0.0,0,83404.0,83776.0,140.0,512.0,0.0,0.0,1.0,1.0
545,26,1877,1525.0,True,355.0,True,82645.0,1,1,0,1.0,9,83778.0,83821.0,1133.0,1176.0,0.0,0.0,1.0,0.0
557,121,1507,34.0,True,35.0,True,83821.0,-1,0,0,0.0,0,83822.0,83856.0,1.0,35.0,0.0,0.0,1.0,1.0
547,43,2117,3598.0,False,311.0,True,82889.0,1,1,0,0.04,8,83857.0,84024.0,968.0,1135.0,0.0,0.0,1.0,0.0
548,35,1291,3598.0,False,1036.0,False,82924.0,0,0,6,0.0,0,84025.0,84025.0,1101.0,1101.0,0.0,0.0,0.0,0.0
543,94,2317,3598.0,False,304.0,True,82403.0,1,1,0,0.0,0,84026.0,84145.0,1623.0,1742.0,0.0,0.0,1.0,0.0
554,126,1198,128.0,True,1750.0,False,83403.0,0,0,1,0.0,0,84146.0,84146.0,743.0,743.0,0.0,0.0,0.0,0.0
551,47,1894,42.0,True,700.0,False,83163.0,1,0,0,0.0,0,84147.0,84189.0,984.0,1026.0,0.0,0.0,1.0,1.0
559,121,1477,42.0,True,59.0,True,84145.0,1,0,0,0.01,5,84190.0,84232.0,45.0,87.0,0.0,0.0,1.0,1.0
546,201,1940,3598.0,False,973.0,False,82846.0,1,1,3,0.01,4,84233.0,84272.0,1387.0,1426.0,0.0,0.0,1.0,0.0
556,274,1972,1322.0,True,585.0,True,83700.0,1,0,0,0.0,0,84273.0,85595.0,573.0,1895.0,0.0,0.0,1.0,1.0
560,127,1405,323.0,True,60.0,True,84272.0,1,0,0,0.05,10,85596.0,85919.0,1324.0,1647.0,0.0,0.0,1.0,1.0
563,80,1486,70.0,True,173.0,True,84687.0,1,0,0,0.58,10,85921.0,85991.0,1234.0,1304.0,0.0,0.0,1.0,1.0
555,23,2529,3598.0,False,718.0,False,83426.0,0,0,2,0.0,3,85992.0,85992.0,2566.0,2566.0,0.0,0.0,0.0,0.0
568,236,1361,3598.0,False,143.0,True,85692.0,1,1,0,0.1,10,85992.0,85994.0,300.0,302.0,0.0,0.0,1.0,0.0
566,173,1119,334.0,True,218.0,True,85165.0,1,0,0,0.0,0,85995.0,86329.0,830.0,1164.0,0.0,0.0,1.0,1.0
570,2,1230,1017.0,True,486.0,True,85987.0,1,1,0,1.0,13,86331.0,86539.0,344.0,552.0,0.0,0.0,1.0,0.0
576,233,1269,3598.0,False,506.0,True,86539.0,-1,1,0,0.0,0,86540.0,86682.0,1.0,143.0,0.0,0.0,1.0,0.0
571,7,1589,825.0,True,235.0,True,85994.0,-1,1,0,0.0,0,86683.0,86848.0,689.0,854.0,0.0,0.0,1.0,0.0
565,32,1671,30.0,True,323.0,True,84992.0,1,0,1,0.0,0,86849.0,86849.0,1857.0,1857.0,0.0,0.0,0.0,0.0
574,104,2132,3598.0,False,42.0,True,86287.0,-1,1,0,0.0,0,86850.0,87141.0,563.0,854.0,0.0,0.0,1.0,0.0
572,177,1901,3598.0,False,273.0,True,86171.0,-1,1,0,0.0,0,87142.0,87254.0,971.0,1083.0,0.0,0.0,1.0,0.0
564,273,1838,3598.0,False,395.0,False,84960.0,1,0,0,0.0,0,87255.0,87255.0,2295.0,2295.0,0.0,0.0,0.0,0.0
573,12,2076,168.0,True,173.0,True,86183.0,-1,0,0,0.0,0,87256.0,87424.0,1073.0,1241.0,0.0,0.0,1.0,1.0
558,203,2555,3598.0,False,1750.0,False,84024.0,0,0,3,0.0,4,87425.0,87425.0,3401.0,3401.0,0.0,0.0,0.0,0.0
561,220,2149,3598.0,False,232.0,False,84492.0,0,0,1,0.0,10,87425.0,87425.0,2933.0,2933.0,0.0,0.0,0.0,0.0
562,115,2470,2.0,True,26.0,True,84607.0,1,0,0,0.0,8,87425.0,87425.0,2818.0,2818.0,0.0,0.0,0.0,0.0
569,293,1167,3598.0,False,1919.0,False,85985.0,0,0,1,0.0,5,87425.0,87425.0,1440.0,1440.0,0.0,0.0,0.0,0.0
578,166,1659,3598.0,False,117.0,True,86848.0,1,1,0,0.01,6,87425.0,87546.0,577.0,698.0,0.0,0.0,1.0,0.0
577,143,1614,32.0,True,125.0,True,86682.0,1,0,0,0.0,0,87547.0,87579.0,865.0,897.0,0.0,0.0,1.0,1.0
575,19,2784,480.0,True,156.0,True,86306.0,1,0,0,0.01,5,87580.0,88060.0,1274.0,1754.0,0.0,0.0,1.0,1.0
567,291,2173,844.0,True,229.0,True,85456.0,0,0,2,0.0,5,88061.0,88061.0,2605.0,2605.0,0.0,0.0,0.0,0.0
583,22,1892,1089.0,True,60.0,True,87862.0,1,1,0,0.01,6,88061.0,88293.0,199.0,431.0,0.0,0.0,1.0,0.0
584,135,1065,1553.0,True,64.0,True,87997.0,1,1,0,0.0,0,88294.0,88461.0,297.0,464.0,0.0,0.0,1.0,0.0
580,113,1108,3598.0,False,161.0,True,87254.0,1,0,0,0.0,0,88462.0,88462.0,1208.0,1208.0,0.0,0.0,0.0,0.0
581,292,1670,143.0,True,228.0,True,87546.0,1,0,0,0.0,0,88463.0,88606.0,917.0,1060.0,0.0,0.0,1.0,1.0
579,293,1288,60.0,True,233.0,True,87141.0,0,0,1,0.0,5,88607.0,88607.0,1466.0,1466.0,0.0,0.0,0.0,0.0
587,121,2185,505.0,True,116.0,True,88582.0,1,0,0,0.01,4,88607.0,89112.0,25.0,530.0,0.0,0.0,1.0,1.0
593,32,2814,204.0,True,116.0,True,88945.0,1,0,0,0.04,9,89113.0,89317.0,168.0,372.0,0.0,0.0,1.0,1.0
582,294,1332,3598.0,False,346.0,True,87840.0,0,0,1,0.0,3,89318.0,89318.0,1478.0,1478.0,0.0,0.0,0.0,0.0
592,67,1373,3598.0,False,146.0,True,88913.0,1,1,0,0.03,8,89318.0,89491.0,405.0,578.0,0.0,0.0,1.0,0.0
589,117,2637,139.0,True,177.0,True,88805.0,1,0,0,0.0,0,89492.0,89631.0,687.0,826.0,0.0,0.0,1.0,1.0
588,106,2878,3598.0,False,182.0,True,88688.0,1,1,0,0.03,7,89632.0,89720.0,944.0,1032.0,0.0,0.0,1.0,0.0
595,260,1447,50.0,True,131.0,True,89491.0,1,0,0,0.0,0,89721.0,89771.0,230.0,280.0,0.0,0.0,1.0,1.0
591,28,2985,702.0,True,188.0,True,88846.0,1,0,0,0.02,6,89772.0,90474.0,926.0,1628.0,0.0,0.0,1.0,1.0
585,296,1559,3598.0,False,664.0,False,88293.0,0,0,4,0.0,7,90475.0,90475.0,2182.0,2182.0,0.0,0.0,0.0,0.0
590,13,1481,415.0,True,327.0,True,88818.0,1,0,0,0.0,9,90475.0,90475.0,1657.0,1657.0,0.0,0.0,0.0,0.0
586,168,2273,3412.0,True,231.0,True,88461.0,1,1,0,0.03,8,90475.0,90642.0,2014.0,2181.0,0.0,0.0,1.0,0.0
594,286,1749,3598.0,False,602.0,True,89231.0,1,1,0,0.0,0,90643.0,90861.0,1412.0,1630.0,0.0,0.0,1.0,0.0
596,229,1598,2028.0,True,896.0,True,89720.0,0,0,1,0.0,0,90862.0,90862.0,1142.0,1142.0,0.0,0.0,0.0,0.0
601,280,1468,240.0,True,181.0,True,90367.0,1,0,0,0.0,0,90863.0,91103.0,496.0,736.0,0.0,0.0,1.0,1.0
597,206,2657,3598.0,False,589.0,False,89926.0,1,1,0,0.02,7,91104.0,91163.0,1178.0,1237.0,0.0,0.0,1.0,0.0
602,275,1696,19.0,True,27.0,True,90642.0,1,0,0,0.0,0,91164.0,91183.0,522.0,541.0,0.0,0.0,1.0,1.0
598,86,2092,9.0,True,25.0,True,90012.0,1,0,0,0.01,6,91184.0,91193.0,1172.0,1181.0,0.0,0.0,1.0,1.0
605,140,2494,2938.0,True,1048.0,True,91163.0,1,1,0,0.01,5,91194.0,91249.0,31.0,86.0,0.0,0.0,1.0,0.0
600,51,1787,3598.0,False,3127.0,False,90087.0,0,0,4,0.0,0,91250.0,91250.0,1163.0,1163.0,0.0,0.0,0.0,0.0
603,219,2393,1310.0,True,942.0,True,90861.0,1,0,1,0.0,0,91251.0,92561.0,390.0,1700.0,0.0,0.0,1.0,1.0
606,69,1134,3598.0,False,501.0,True,91232.0,-1,0,0,0.0,11,92562.0,92562.0,1330.0,1330.0,0.0,0.0,0.0,0.0
613,55,2804,33.0,True,25.0,True,92346.0,1,0,0,0.05,10,92562.0,92595.0,216.0,249.0,0.0,0.0,1.0,1.0
612,229,2070,19.0,True,30.0,True,92291.0,1,0,0,0.05,9,92596.0,92615.0,305.0,324.0,0.0,0.0,1.0,1.0
611,218,1477,126.0,True,79.0,True,92062.0,1,0,0,0.03,8,92616.0,92742.0,554.0,680.0,0.0,0.0,1.0,1.0
599,24,2592,784.0,True,1593.0,False,90036.0,0,0,5,0.0,3,92743.0,92743.0,2707.0,2707.0,0.0,0.0,0.0,0.0
607,17,1819,305.0,True,93.0,True,91249.0,1,0,0,0.06,8,92743.0,93048.0,1494.0,1799.0,0.0,0.0,1.0,1.0
610,53,1965,311.0,True,242.0,True,91844.0,1,0,0,0.05,8,93049.0,93360.0,1205.0,1516.0,0.0,0.0,1.0,1.0
609,271,1837,159.0,True,245.0,True,91791.0,1,0,0,0.06,9,93361.0,93520.0,1570.0,1729.0,0.0,0.0,1.0,1.0
618,83,2008,259.0,True,69.0,True,93059.0,1,0,0,0.14,9,93521.0,93780.0,462.0,721.0,0.0,0.0,1.0,1.0
604,162,2584,3598.0,False,2173.0,False,91023.0,0,0,7,0.0,10,93781.0,93781.0,2758.0,2758.0,0.0,0.0,0.0,0.0
608,271,2211,1416.0,True,1928.0,True,91520.0,0,0,4,0.0,3,93781.0,93781.0,2261.0,2261.0,0.0,0.0,0.0,0.0
617,255,1732,3598.0,False,166.0,True,92976.0,1,1,0,0.03,8,93781.0,93833.0,805.0,857.0,0.0,0.0,1.0,0.0
614,160,1764,684.0,True,419.0,True,92506.0,1,0,0,0.0,0,93834.0,94518.0,1328.0,2012.0,0.0,0.0,1.0,1.0
615,150,1677,3598.0,False,2193.0,False,92656.0,0,0,3,0.0,12,94519.0,94519.0,1863.0,1863.0,0.0,0.0,0.0,0.0
621,100,1844,17.0,True,15.0,True,93577.0,1,0,0,0.31,13,94519.0,94536.0,942.0,959.0,0.0,0.0,1.0,1.0
630,84,1620,20.0,True,34.0,True,94503.0,1,0,0,0.26,12,94537.0,94557.0,34.0,54.0,0.0,0.0,1.0,1.0
629,70,2663,3598.0,False,277.0,True,94419.0,1,1,0,0.34,12,94558.0,94587.0,139.0,168.0,0.0,0.0,1.0,0.0
622,189,1649,108.0,True,130.0,True,93766.0,1,0,0,0.0,0,94588.0,94696.0,822.0,930.0,0.0,0.0,1.0,1.0
627,56,2358,86.0,True,107.0,True,94322.0,1,0,0,0.42,11,94697.0,94783.0,375.0,461.0,0.0,0.0,1.0,1.0
624,185,1561,21.0,True,25.0,True,94018.0,1,0,0,0.2,10,94784.0,94805.0,766.0,787.0,0.0,0.0,1.0,1.0
628,27,2330,31.0,True,36.0,True,94349.0,1,0,0,0.07,9,94806.0,94837.0,457.0,488.0,0.0,0.0,1.0,1.0
631,38,1712,64.0,True,28.0,True,94541.0,1,0,0,0.16,9,94838.0,94902.0,297.0,361.0,0.0,0.0,1.0,1.0
616,65,2352,3598.0,False,1203.0,False,92721.0,1,1,7,0.14,8,94903.0,95109.0,2182.0,2388.0,0.0,0.0,1.0,0.0
623,67,1627,3598.0,False,2224.0,False,93833.0,0,0,8,0.0,0,95110.0,95110.0,1277.0,1277.0,0.0,0.0,0.0,0.0
619,258,2542,2005.0,True,1910.0,True,93317.0,0,0,6,0.0,0,95111.0,95111.0,1794.0,1794.0,0.0,0.0,0.0,0.0
625,76,1078,1521.0,True,1841.0,True,94094.0,0,0,8,0.0,0,95112.0,95112.0,1018.0,1018.0,0.0,0.0,0.0,0.0
633,237,2390,43.0,True,35.0,True,94824.0,1,0,0,0.0,0,95113.0,95156.0,289.0,332.0,0.0,0.0,1.0,1.0
632,46,1769,2.0,True,3.0,True,94587.0,1,0,0,0.01,4,95157.0,95159.0,570.0,572.0,0.0,0.0,1.0,1.0
634,285,1367,1.0,True,4.0,True,95109.0,1,0,0,0.01,3,95160.0,95161.0,51.0,52.0,0.0,0.0,1.0,1.0
620,160,2726,1387.0,True,1234.0,True,93477.0,1,0,6,0.01,2,95162.0,96549.0,1685.0,3072.0,0.0,0.0,1.0,1.0
637,219,1617,41.0,True,21.0,True,95526.0,1,0,0,0.05,11,96550.0,96591.0,1024.0,1065.0,0.0,0.0,1.0,1.0
639,248,1729,43.0,True,22.0,True,95846.0,1,0,0,0.03,10,96592.0,96635.0,746.0,789.0,0.0,0.0,1.0,1.0
636,8,2620,139.0,True,23.0,True,95307.0,1,0,0,0.02,9,96636.0,96775.0,1329.0,1468.0,0.0,0.0,1.0,1.0
644,111,2963,85.0,True,28.0,True,96517.0,1,0,0,0.03,8,96776.0,96861.0,259.0,344.0,0.0,0.0,1.0,1.0
645,288,1235,41.0,True,18.0,True,96805.0,1,0,0,0.03,8,96862.0,96903.0,57.0,98.0,0.0,0.0,1.0,1.0
640,195,2130,65.0,True,39.0,True,96041.0,1,0,0,0.01,7,96904.0,96969.0,863.0,928.0,0.0,0.0,1.0,1.0
626,172,2666,3598.0,False,2484.0,False,94266.0,0,0,7,0.0,6,96970.0,96970.0,2704.0,2704.0,0.0,0.0,0.0,0.0
641,88,1062,93.0,True,45.0,True,96129.0,1,0,0,0.01,5,96970.0,97063.0,841.0,934.0,0.0,0.0,1.0,1.0
635,190,2381,270.0,True,119.0,True,95299.0,1,0,0,0.01,4,97064.0,97334.0,1765.0,2035.0,0.0,0.0,1.0,1.0
647,215,1402,75.0,True,21.0,True,97292.0,1,0,0,0.01,5,97335.0,97410.0,43.0,118.0,0.0,0.0,1.0,1.0
638,72,1809,3598.0,False,157.0,True,95598.0,0,0,1,0.0,3,97411.0,97411.0,1813.0,1813.0,0.0,0.0,0.0,0.0
643,67,1740,31.0,True,128.0,True,96406.0,1,0,0,0.02,3,97411.0,97442.0,1005.0,1036.0,0.0,0.0,1.0,1.0
642,210,1879,159.0,True,200.0,True,96339.0,1,0,0,0.01,2,97443.0,97602.0,1104.0,1263.0,0.0,0.0,1.0,1.0
646,272,1734,2286.0,True,230.0,True,97077.0,1,1,0,0.01,2,97603.0,97772.0,526.0,695.0,0.0,0.0,1.0,0.0
648,287,1860,2.0,True,5.0,True,97579.0,1,0,0,0.0,0,97773.0,97775.0,194.0,196.0,0.0,0.0,1.0,1.0
649,193,1264,81.0,True,37.0,True,97772.0,-1,0,0,0.0,1,97776.0,97857.0,4.0,85.0,0.0,0.0,1.0,1.0
650,89,1069,1.0,True,3.0,True,97861.0,-1,0,0,0.0,0,97861.0,97862.0,0.0,1.0,4.0,0.0,1.0,1.0
651,292,2870,1242.0,True,553.0,False,98153.0,-1,0,0,0.0,0,98153.0,99395.0,0.0,1242.0,291.0,0.0,1.0,1.0
652,138,1202,74.0,True,84.0,True,98291.0,1,0,0,0.02,8,99396.0,99470.0,1105.0,1179.0,0.0,0.0,1.0,1.0
653,196,2726,81.0,True,91.0,True,98487.0,1,0,0,0.02,8,99471.0,99552.0,984.0,1065.0,0.0,0.0,1.0,1.0
654,177,2003,555.0,True,199.0,True,98664.0,1,0,0,0.01,7,99553.0,100108.0,889.0,1444.0,0.0,0.0,1.0,1.0
661,277,2917,5.0,True,13.0,True,99734.0,1,0,0,0.03,9,100109.0,100114.0,375.0,380.0,0.0,0.0,1.0,1.0
662,238,1851,1.0,True,24.0,True,99972.0,1,0,0,0.02,8,100115.0,100116.0,143.0,144.0,0.0,0.0,1.0,1.0
658,169,2105,302.0,True,199.0,False,99163.0,1,0,0,0.01,7,100117.0,100419.0,954.0,1256.0,0.0,0.0,1.0,1.0
665,110,2375,474.0,True,33.0,True,100295.0,1,0,0,0.02,8,100420.0,100894.0,125.0,599.0,0.0,0.0,1.0,1.0
659,2,2455,3598.0,False,231.0,True,99165.0,1,1,0,0.07,11,100895.0,101026.0,1730.0,1861.0,0.0,0.0,1.0,0.0
666,196,2056,24.0,True,28.0,True,100491.0,1,0,0,0.0,0,101027.0,101051.0,536.0,560.0,0.0,0.0,1.0,1.0
663,27,1715,495.0,True,272.0,True,99999.0,1,0,0,0.05,10,101052.0,101547.0,1053.0,1548.0,0.0,0.0,1.0,1.0
660,292,1931,3598.0,False,303.0,False,99457.0,0,0,3,0.0,7,101548.0,101548.0,2091.0,2091.0,0.0,0.0,0.0,0.0
657,58,2939,3598.0,False,244.0,False,98994.0,1,1,0,0.07,11,101548.0,101724.0,2554.0,2730.0,0.0,0.0,1.0,0.0
656,44,2866,3598.0,False,248.0,True,98936.0,1,1,0,0.0,0,101725.0,101730.0,2789.0,2794.0,0.0,0.0,1.0,0.0
655,228,2906,3598.0,False,448.0,True,98892.0,0,0,3,0.0,0,101731.0,101731.0,2839.0,2839.0,0.0,0.0,0.0,0.0
668,218,1653,71.0,True,30.0,True,100770.0,1,0,0,0.0,0,101732.0,101803.0,962.0,1033.0,0.0,0.0,1.0,1.0
673,183,2847,3598.0,False,143.0,True,101524.0,1,1,0,0.02,9,101804.0,101946.0,280.0,422.0,0.0,0.0,1.0,0.0
672,263,1581,744.0,True,195.0,True,101341.0,1,0,0,0.0,0,101947.0,102691.0,606.0,1350.0,0.0,0.0,1.0,1.0
677,39,2766,1.0,True,15.0,True,101985.0,1,0,0,0.53,14,102693.0,102694.0,708.0,709.0,0.0,0.0,1.0,1.0
679,267,1007,149.0,True,231.0,True,102288.0,1,0,0,1.0,13,102696.0,102845.0,408.0,557.0,0.0,0.0,1.0,1.0
671,52,1630,130.0,True,198.0,True,101078.0,1,0,0,0.0,10,102846.0,102846.0,1768.0,1768.0,0.0,0.0,0.0,0.0
664,186,2764,3598.0,False,229.0,True,100185.0,1,1,0,0.1,11,102846.0,102868.0,2661.0,2683.0,0.0,0.0,1.0,0.0
669,122,1991,3598.0,False,281.0,True,100892.0,0,0,2,0.0,0,102869.0,102869.0,1977.0,1977.0,0.0,0.0,0.0,0.0
676,216,1639,3598.0,False,175.0,True,101946.0,1,1,1,0.0,0,102870.0,102949.0,924.0,1003.0,0.0,0.0,1.0,0.0
670,134,2125,401.0,True,495.0,True,101026.0,0,0,3,0.0,0,102950.0,102950.0,1924.0,1924.0,0.0,0.0,0.0,0.0
675,6,2158,3598.0,False,383.0,False,101730.0,1,1,0,0.0,0,102951.0,103240.0,1221.0,1510.0,0.0,0.0,1.0,0.0
682,63,1837,26.0,True,16.0,True,102630.0,1,0,0,0.0,0,103241.0,103267.0,611.0,637.0,0.0,0.0,1.0,1.0
667,61,2310,3598.0,False,2095.0,False,100552.0,0,0,4,0.0,6,103268.0,103268.0,2716.0,2716.0,0.0,0.0,0.0,0.0
685,291,1025,1.0,True,1.0,True,103240.0,1,0,0,0.02,7,103268.0,103269.0,28.0,29.0,0.0,0.0,1.0,1.0
678,36,2942,3.0,True,16.0,True,102021.0,1,0,0,0.01,6,103270.0,103273.0,1249.0,1252.0,0.0,0.0,1.0,1.0
681,120,2514,5.0,True,36.0,True,102567.0,1,0,0,0.01,5,103274.0,103279.0,707.0,712.0,0.0,0.0,1.0,1.0
683,238,2157,2559.0,True,82.0,True,102868.0,1,1,0,0.01,4,103280.0,103294.0,412.0,426.0,0.0,0.0,1.0,0.0
674,200,2641,3598.0,False,206.0,True,101724.0,1,1,0,0.0,0,103295.0,103441.0,1571.0,1717.0,0.0,0.0,1.0,0.0
680,159,1455,2607.0,True,225.0,True,102447.0,1,1,0,0.0,0,103442.0,103445.0,995.0,998.0,0.0,0.0,1.0,0.0
684,81,1333,3598.0,False,453.0,True,102949.0,1,1,0,0.0,0,103446.0,103690.0,497.0,741.0,0.0,0.0,1.0,0.0
686,54,1007,1.0,True,1.0,True,103294.0,-1,0,0,0.0,0,103691.0,103692.0,397.0,398.0,0.0,0.0,1.0,1.0
687,147,2187,1.0,True,1.0,True,103441.0,1,0,0,0.01,3,103693.0,103694.0,252.0,253.0,0.0,0.0,1.0,1.0
689,245,2858,1.0,True,1.0,True,103690.0,1,0,0,0.01,2,103695.0,103696.0,5.0,6.0,0.0,0.0,1.0,1.0
688,4,2354,66.0,True,47.0,True,103445.0,1,0,0,0.0,1,103697.0,103763.0,252.0,318.0,0.0,0.0,1.0,1.0
690,198,1702,3598.0,False,448.0,True,103888.0,-1,1,0,0.0,0,103888.0,104338.0,0.0,450.0,125.0,0.0,1.0,0.0
691,236,1891,1.0,True,1.0,True,104124.0,-1,0,0,0.0,0,104339.0,104340.0,215.0,216.0,0.0,0.0,1.0,1.0
692,214,1991,1.0,True,1.0,True,104338.0,-1,0,0,0.0,1,104341.0,104342.0,3.0,4.0,0.0,0.0,1.0,1.0
693,250,1875,3598.0,False,1775.0,False,104588.0,-1,1,0,0.0,0,104588.0,104862.0,0.0,274.0,246.0,0.0,1.0,0.0
694,157,1566,1.0,True,1.0,True,104745.0,-1,0,0,0.0,0,104863.0,104864.0,118.0,119.0,0.0,0.0,1.0,1.0
695,117,2067,1.0,True,1.0,True,104862.0,-1,0,0,0.0,1,104865.0,104866.0,3.0,4.0,0.0,0.0,1.0,1.0
696,133,1902,1.0,True,1.0,True,104995.0,-1,0,0,0.0,0,104995.0,104996.0,0.0,1.0,129.0,0.0,1.0,1.0
697,158,2055,1.0,True,2.0,True,105153.0,-1,0,0,0.0,0,105153.0,105154.0,0.0,1.0,157.0,0.0,1.0,1.0
698,80,2166,1.0,True,1.0,True,105233.0,-1,0,0,0.0,0,105233.0,105234.0,0.0,1.0,79.0,0.0,1.0,1.0
699,186,1393,1.0,True,1.0,True,105419.0,-1,0,0,0.0,0,105419.0,105420.0,0.0,1.0,185.0,0.0,1.0,1.0
700,80,1772,3598.0,False,367.0,True,105499.0,-1,1,0,0.0,0,105499.0,105992.0,0.0,493.0,79.0,0.0,1.0,0.0
703,219,1461,230.0,True,72.0,True,105992.0,-1,0,0,0.0,0,105993.0,106223.0,1.0,231.0,0.0,0.0,1.0,1.0
705,135,1214,1.0,True,1.0,True,106133.0,1,0,0,0.01,4,106224.0,106225.0,91.0,92.0,0.0,0.0,1.0,1.0
701,219,1943,1.0,True,1.0,True,105718.0,1,0,0,0.01,3,106226.0,106227.0,508.0,509.0,0.0,0.0,1.0,1.0
704,6,2040,1.0,True,1.0,True,105998.0,1,0,0,0.01,2,106228.0,106229.0,230.0,231.0,0.0,0.0,1.0,1.0
702,55,2927,3598.0,False,2619.0,False,105773.0,1,1,0,0.0,1,106230.0,106459.0,457.0,686.0,0.0,0.0,1.0,0.0
706,122,2691,1.0,True,1.0,True,106255.0,-1,0,0,0.0,0,106460.0,106461.0,205.0,206.0,0.0,0.0,1.0,1.0
707,204,1828,1.0,True,1.0,True,106459.0,-1,0,0,0.0,1,106462.0,106463.0,3.0,4.0,0.0,0.0,1.0,1.0
708,262,2347,1.0,True,1.0,True,106721.0,-1,0,0,0.0,0,106721.0,106722.0,0.0,1.0,258.0,0.0,1.0,1.0
709,273,2747,1.0,True,1.0,True,106994.0,-1,0,0,0.0,0,106994.0,106995.0,0.0,1.0,272.0,0.0,1.0,1.0
710,81,1782,1.0,True,1.0,True,107075.0,-1,0,0,0.0,0,107075.0,107076.0,0.0,1.0,80.0,0.0,1.0,1.0
711,226,2054,3598.0,False,2450.0,False,107301.0,-1,1,0,0.0,0,107301.0,107647.0,0.0,346.0,225.0,0.0,1.0,0.0
714,161,1434,1.0,True,1.0,True,107647.0,-1,0,0,0.0,0,107648.0,107649.0,1.0,2.0,0.0,0.0,1.0,1.0
713,166,2472,1.0,True,1.0,True,107486.0,1,0,0,0.01,2,107650.0,107651.0,164.0,165.0,0.0,0.0,1.0,1.0
712,19,2226,3598.0,False,2183.0,False,107320.0,1,1,0,0.0,1,107652.0,108067.0,332.0,747.0,0.0,0.0,1.0,0.0
715,228,2790,1.0,True,1.0,True,107875.0,-1,0,0,0.0,0,108068.0,108069.0,193.0,194.0,0.0,0.0,1.0,1.0
716,192,1607,1.0,True,1.0,True,108067.0,-1,0,0,0.0,1,108070.0,108071.0,3.0,4.0,0.0,0.0,1.0,1.0
717,118,1711,1.0,True,1.0,True,108185.0,-1,0,0,0.0,0,108185.0,108186.0,0.0,1.0,114.0,0.0,1.0,1.0
718,96,1527,3598.0,False,838.0,False,108281.0,-1,1,0,0.0,0,108281.0,108759.0,0.0,478.0,95.0,0.0,1.0,0.0
719,289,1293,1.0,True,1.0,True,108570.0,-1,0,0,0.0,0,108760.0,108761.0,190.0,191.0,0.0,0.0,1.0,1.0
720,189,2471,1.0,True,1.0,True,108759.0,-1,0,0,0.0,1,108762.0,108763.0,3.0,4.0,0.0,0.0,1.0,1.0
721,223,2214,1.0,True,1.0,True,108982.0,-1,0,0,0.0,0,108982.0,108983.0,0.0,1.0,219.0,0.0,1.0,1.0
722,297,1231,1.0,True,1.0,True,109279.0,-1,0,0,0.0,0,109279.0,109280.0,0.0,1.0,296.0,0.0,1.0,1.0
723,87,2927,35.0,True,164.0,True,109366.0,-1,0,0,0.0,0,109366.0,109401.0,0.0,35.0,86.0,0.0,1.0,1.0
724,184,1041,4.0,True,25.0,True,109550.0,-1,0,0,0.0,0,109550.0,109554.0,0.0,4.0,149.0,0.0,1.0,1.0
725,108,2669,1.0,True,1.0,True,109658.0,-1,0,0,0.0,0,109658.0,109659.0,0.0,1.0,104.0,0.0,1.0,1.0
726,127,1905,1.0,True,1.0,True,109785.0,-1,0,0,0.0,0,109785.0,109786.0,0.0,1.0,126.0,0.0,1.0,1.0
727,236,1652,1.0,True,1.0,True,110021.0,-1,0,0,0.0,0,110021.0,110022.0,0.0,1.0,235.0,0.0,1.0,1.0
728,208,2286,1.0,True,1.0,True,110229.0,-1,0,0,0.0,0,110229.0,110230.0,0.0,1.0,207.0,0.0,1.0,1.0
729,284,1811,1.0,True,1.0,True,110513.0,-1,0,0,0.0,0,110513.0,110514.0,0.0,1.0,283.0,0.0,1.0,1.0
730,141,1113,1.0,True,1.0,True,110654.0,-1,0,0,0.0,0,110654.0,110655.0,0.0,1.0,140.0,0.0,1.0,1.0
731,189,2706,1.0,True,1.0,True,110843.0,-1,0,0,0.0,0,110843.0,110844.0,0.0,1.0,188.0,0.0,1.0,1.0
732,267,1127,1.0,True,1.0,True,111110.0,-1,0,0,0.0,0,111110.0,111111.0,0.0,1.0,266.0,0.0,1.0,1.0
733,36,1611,1.0,True,1.0,True,111146.0,-1,0,0,0.0,0,111146.0,111147.0,0.0,1.0,35.0,0.0,1.0,1.0
734,219,2623,1.0,True,1.0,True,111365.0,-1,0,0,0.0,0,111365.0,111366.0,0.0,1.0,218.0,0.0,1.0,1.0
735,221,1675,501.0,True,183.0,True,111586.0,-1,0,0,0.0,0,111586.0,112087.0,0.0,501.0,220.0,0.0,1.0,1.0
738,20,2031,27.0,True,64.0,True,111960.0,1,0,0,0.01,3,112088.0,112115.0,128.0,155.0,0.0,0.0,1.0,1.0
736,236,2846,254.0,True,91.0,True,111822.0,1,0,0,0.01,3,112116.0,112370.0,294.0,548.0,0.0,0.0,1.0,1.0
740,242,2280,39.0,True,107.0,True,112333.0,1,0,0,0.01,3,112371.0,112410.0,38.0,77.0,0.0,0.0,1.0,1.0
739,131,1817,3598.0,False,430.0,True,112091.0,1,1,0,0.01,2,112411.0,112458.0,320.0,367.0,0.0,0.0,1.0,0.0
737,118,1398,3598.0,False,1473.0,False,111940.0,1,1,0,0.0,0,112459.0,112579.0,519.0,639.0,0.0,0.0,1.0,0.0
741,125,2282,307.0,True,99.0,True,112458.0,-1,0,0,0.0,0,112580.0,112887.0,122.0,429.0,0.0,0.0,1.0,1.0
744,95,1811,1.0,True,1.0,True,112808.0,1,0,0,0.02,5,112888.0,112889.0,80.0,81.0,0.0,0.0,1.0,1.0
743,134,2175,1.0,True,1.0,True,112713.0,1,0,0,0.01,4,112890.0,112891.0,177.0,178.0,0.0,0.0,1.0,1.0
746,6,1986,1.0,True,1.0,True,112853.0,1,0,0,0.01,3,112892.0,112893.0,39.0,40.0,0.0,0.0,1.0,1.0
742,121,2665,3.0,True,24.0,True,112579.0,1,0,0,0.01,2,112894.0,112897.0,315.0,318.0,0.0,0.0,1.0,1.0
745,39,2403,1.0,True,45.0,True,112847.0,1,0,0,0.0,1,112898.0,112899.0,51.0,52.0,0.0,0.0,1.0,1.0
747,258,2927,1.0,True,1.0,True,113111.0,-1,0,0,0.0,0,113111.0,113112.0,0.0,1.0,212.0,0.0,1.0,1.0
748,197,2459,2229.0,True,1875.0,True,113308.0,-1,1,0,0.0,0,113308.0,113735.0,0.0,427.0,196.0,0.0,1.0,0.0
749,219,1396,1.0,True,1.0,True,113527.0,-1,0,0,0.0,0,113736.0,113737.0,209.0,210.0,0.0,0.0,1.0,1.0
750,97,2633,1.0,True,1.0,True,113624.0,1,0,0,0.01,3,113738.0,113739.0,114.0,115.0,0.0,0.0,1.0,1.0
751,14,2704,1.0,True,1.0,True,113638.0,1,0,0,0.01,2,113740.0,113741.0,102.0,103.0,0.0,0.0,1.0,1.0
752,97,1496,59.0,True,61.0,True,113735.0,1,0,0,0.0,1,113742.0,113801.0,7.0,66.0,0.0,0.0,1.0,1.0
753,182,1328,1.0,True,1.0,True,113917.0,-1,0,0,0.0,0,113917.0,113918.0,0.0,1.0,116.0,0.0,1.0,1.0
754,104,1765,1.0,True,1.0,True,114021.0,-1,0,0,0.0,0,114021.0,114022.0,0.0,1.0,103.0,0.0,1.0,1.0
755,76,2258,129.0,True,205.0,True,114097.0,-1,0,0,0.0,0,114097.0,114226.0,0.0,129.0,75.0,0.0,1.0,1.0
756,128,1147,1.0,True,1.0,True,114225.0,-1,0,0,0.0,1,114227.0,114228.0,2.0,3.0,0.0,0.0,1.0,1.0
757,43,2744,1.0,True,1.0,True,114268.0,-1,0,0,0.0,0,114268.0,114269.0,0.0,1.0,40.0,0.0,1.0,1.0
758,64,1404,1.0,True,1.0,True,114332.0,-1,0,0,0.0,0,114332.0,114333.0,0.0,1.0,63.0,0.0,1.0,1.0
759,270,2369,1.0,True,1.0,True,114602.0,-1,0,0,0.0,0,114602.0,114603.0,0.0,1.0,269.0,0.0,1.0,1.0
760,208,1928,1.0,True,1.0,True,114810.0,-1,0,0,0.0,0,114810.0,114811.0,0.0,1.0,207.0,0.0,1.0,1.0
761,37,1966,3598.0,False,511.0,False,114847.0,-1,1,0,0.0,0,114847.0,115179.0,0.0,332.0,36.0,0.0,1.0,0.0
762,168,1532,1.0,True,1.0,True,115015.0,-1,0,0,0.0,0,115180.0,115181.0,165.0,166.0,0.0,0.0,1.0,1.0
763,164,2510,59.0,True,90.0,True,115179.0,-1,0,0,0.0,1,115182.0,115241.0,3.0,62.0,0.0,0.0,1.0,1.0
764,9,1014,1.0,True,1.0,True,115188.0,-1,0,0,0.0,1,115242.0,115243.0,54.0,55.0,0.0,0.0,1.0,1.0
765,232,1943,1.0,True,1.0,True,115420.0,-1,0,0,0.0,0,115420.0,115421.0,0.0,1.0,177.0,0.0,1.0,1.0
766,125,2848,1.0,True,1.0,True,115545.0,-1,0,0,0.0,0,115545.0,115546.0,0.0,1.0,124.0,0.0,1.0,1.0
767,208,2330,208.0,True,197.0,False,115753.0,-1,0,0,0.0,0,115753.0,115961.0,0.0,208.0,207.0,0.0,1.0,1.0
768,64,1086,1.0,True,1.0,True,115817.0,1,0,0,0.01,2,115962.0,115963.0,145.0,146.0,0.0,0.0,1.0,1.0
769,79,2895,1.0,True,1.0,True,115896.0,1,0,0,0.0,1,115964.0,115965.0,68.0,69.0,0.0,0.0,1.0,1.0
770,107,2724,1.0,True,1.0,True,116003.0,-1,0,0,0.0,0,116003.0,116004.0,0.0,1.0,38.0,0.0,1.0,1.0
771,187,2325,1.0,True,1.0,True,116190.0,-1,0,0,0.0,0,116190.0,116191.0,0.0,1.0,186.0,0.0,1.0,1.0
772,15,2942,1.0,True,1.0,True,116205.0,-1,0,0,0.0,0,116205.0,116206.0,0.0,1.0,14.0,0.0,1.0,1.0
773,289,2713,1.0,True,1.0,True,116494.0,-1,0,0,0.0,0,116494.0,116495.0,0.0,1.0,288.0,0.0,1.0,1.0
774,212,2040,1.0,True,1.0,True,116706.0,-1,0,0,0.0,0,116706.0,116707.0,0.0,1.0,211.0,0.0,1.0,1.0
775,261,2301,1.0,True,1.0,True,116967.0,-1,0,0,0.0,0,116967.0,116968.0,0.0,1.0,260.0,0.0,1.0,1.0
776,28,2932,2099.0,True,332.0,True,116995.0,-1,1,0,0.0,0,116995.0,117435.0,0.0,440.0,27.0,0.0,1.0,0.0
780,146,1472,1.0,True,1.0,True,117435.0,-1,0,0,0.0,0,117436.0,117437.0,1.0,2.0,0.0,0.0,1.0,1.0
778,22,1574,1.0,True,1.0,True,117106.0,1,0,0,0.01,3,117438.0,117439.0,332.0,333.0,0.0,0.0,1.0,1.0
777,89,2201,1.0,True,1.0,True,117084.0,1,0,0,0.0,2,117440.0,117441.0,356.0,357.0,0.0,0.0,1.0,1.0
779,183,2780,730.0,True,382.0,True,117289.0,1,0,0,0.0,1,117442.0,118172.0,153.0,883.0,0.0,0.0,1.0,1.0
785,35,2466,1.0,True,1.0,True,118136.0,1,0,0,0.01,5,118173.0,118174.0,37.0,38.0,0.0,0.0,1.0,1.0
782,182,2737,1.0,True,1.0,True,117633.0,1,0,0,0.01,4,118175.0,118176.0,542.0,543.0,0.0,0.0,1.0,1.0
784,255,1975,239.0,True,109.0,True,118101.0,1,0,0,0.01,3,118177.0,118416.0,76.0,315.0,0.0,0.0,1.0,1.0
781,16,2231,882.0,True,551.0,True,117451.0,1,0,0,0.01,3,118417.0,119299.0,966.0,1848.0,0.0,0.0,1.0,1.0
791,128,2040,208.0,True,224.0,False,118967.0,1,0,0,0.03,8,119300.0,119508.0,333.0,541.0,0.0,0.0,1.0,1.0
786,136,1213,3598.0,False,764.0,False,118272.0,0,0,1,0.0,6,119509.0,119509.0,1237.0,1237.0,0.0,0.0,0.0,0.0
790,172,1134,1.0,True,1.0,True,118839.0,1,0,0,0.04,10,119509.0,119510.0,670.0,671.0,0.0,0.0,1.0,1.0
794,24,2578,1.0,True,1.0,True,119329.0,1,0,0,0.04,9,119511.0,119512.0,182.0,183.0,0.0,0.0,1.0,1.0
787,165,2032,1.0,True,1.0,True,118437.0,1,0,0,0.03,8,119513.0,119514.0,1076.0,1077.0,0.0,0.0,1.0,1.0
796,159,1393,1.0,True,1.0,True,119504.0,1,0,0,0.02,7,119515.0,119516.0,11.0,12.0,0.0,0.0,1.0,1.0
792,169,2085,1.0,True,1.0,True,119136.0,1,0,0,0.01,6,119517.0,119518.0,381.0,382.0,0.0,0.0,1.0,1.0
793,169,1164,1.0,True,1.0,True,119305.0,1,0,0,0.01,5,119519.0,119520.0,214.0,215.0,0.0,0.0,1.0,1.0
789,206,1202,1.0,True,3.0,True,118667.0,1,0,0,0.01,4,119521.0,119522.0,854.0,855.0,0.0,0.0,1.0,1.0
788,24,1986,518.0,True,599.0,True,118461.0,1,0,0,0.01,3,119523.0,120041.0,1062.0,1580.0,0.0,0.0,1.0,1.0
797,27,2748,1.0,True,1.0,True,119531.0,1,0,0,0.01,6,120042.0,120043.0,511.0,512.0,0.0,0.0,1.0,1.0
798,117,2829,1.0,True,1.0,True,119648.0,1,0,0,0.01,5,120044.0,120045.0,396.0,397.0,0.0,0.0,1.0,1.0
799,129,2659,1.0,True,1.0,True,119777.0,1,0,0,0.01,4,120046.0,120047.0,269.0,270.0,0.0,0.0,1.0,1.0
800,218,2722,281.0,True,350.0,True,119995.0,1,0,0,0.01,3,120048.0,120329.0,53.0,334.0,0.0,0.0,1.0,1.0
783,213,2295,1837.0,True,1466.0,False,117846.0,0,0,12,0.0,4,120330.0,120330.0,2484.0,2484.0,0.0,0.0,0.0,0.0
802,81,2892,1.0,True,1.0,True,120221.0,1,0,0,0.01,3,120330.0,120331.0,109.0,110.0,0.0,0.0,1.0,1.0
795,16,1911,2198.0,True,1222.0,False,119345.0,1,1,0,0.0,2,120332.0,121163.0,987.0,1818.0,0.0,0.0,1.0,0.0
801,145,2549,3598.0,False,1005.0,False,120140.0,1,1,0,0.0,0,121164.0,121308.0,1024.0,1168.0,0.0,0.0,1.0,0.0
803,214,2742,1.0,True,1.0,True,120435.0,-1,0,0,0.0,0,121309.0,121310.0,874.0,875.0,0.0,0.0,1.0,1.0
808,68,1252,1.0,True,1.0,True,121163.0,1,0,0,0.01,6,121311.0,121312.0,148.0,149.0,0.0,0.0,1.0,1.0
806,248,2641,1.0,True,1.0,True,120876.0,1,0,0,0.01,5,121313.0,121314.0,437.0,438.0,0.0,0.0,1.0,1.0
804,62,1486,1.0,True,1.0,True,120497.0,1,0,0,0.01,4,121315.0,121316.0,818.0,819.0,0.0,0.0,1.0,1.0
807,219,1631,1.0,True,1.0,True,121095.0,1,0,0,0.01,3,121317.0,121318.0,222.0,223.0,0.0,0.0,1.0,1.0
805,131,2058,3598.0,False,494.0,False,120628.0,1,1,0,0.01,2,121319.0,121475.0,691.0,847.0,0.0,0.0,1.0,0.0
809,145,2926,7.0,True,501.0,True,121308.0,1,0,0,0.0,0,121476.0,121483.0,168.0,175.0,0.0,0.0,1.0,1.0
810,167,1315,1.0,True,1.0,True,121475.0,-1,0,0,0.0,1,121484.0,121485.0,9.0,10.0,0.0,0.0,1.0,1.0
811,246,2108,1.0,True,4.0,True,121721.0,-1,0,0,0.0,0,121721.0,121722.0,0.0,1.0,236.0,0.0,1.0,1.0
812,257,2907,1.0,True,1.0,True,121978.0,-1,0,0,0.0,0,121978.0,121979.0,0.0,1.0,256.0,0.0,1.0,1.0
813,55,2308,1.0,True,2.0,True,122033.0,-1,0,0,0.0,0,122033.0,122034.0,0.0,1.0,54.0,0.0,1.0,1.0
814,170,1678,1.0,True,1.0,True,122203.0,-1,0,0,0.0,0,122203.0,122204.0,0.0,1.0,169.0,0.0,1.0,1.0
815,84,1619,1.0,True,1.0,True,122287.0,-1,0,0,0.0,0,122287.0,122288.0,0.0,1.0,83.0,0.0,1.0,1.0
816,267,1404,1.0,True,1.0,True,122554.0,-1,0,0,0.0,0,122554.0,122555.0,0.0,1.0,266.0,0.0,1.0,1.0
817,212,2136,17.0,True,37.0,True,122766.0,-1,0,0,0.0,0,122766.0,122783.0,0.0,17.0,211.0,0.0,1.0,1.0
818,260,2279,21.0,True,536.0,True,123026.0,-1,0,0,0.0,0,123026.0,123047.0,0.0,21.0,243.0,0.0,1.0,1.0
819,237,1548,222.0,True,1087.0,True,123263.0,-1,0,0,0.0,0,123263.0,123485.0,0.0,222.0,216.0,0.0,1.0,1.0
820,281,1241,579.0,True,613.0,True,123544.0,-1,0,0,0.0,0,123544.0,124123.0,0.0,579.0,59.0,0.0,1.0,1.0
823,133,1147,2.0,True,2.0,True,124072.0,1,0,0,0.01,3,124124.0,124126.0,52.0,54.0,0.0,0.0,1.0,1.0
822,274,2223,5.0,True,80.0,True,123939.0,1,0,0,0.01,2,124127.0,124132.0,188.0,193.0,0.0,0.0,1.0,1.0
821,121,2113,179.0,True,248.0,True,123665.0,1,0,0,0.0,1,124133.0,124312.0,468.0,647.0,0.0,0.0,1.0,1.0
824,260,2500,341.0,True,422.0,True,124332.0,-1,0,0,0.0,0,124332.0,124673.0,0.0,341.0,20.0,0.0,1.0,1.0
825,123,1794,1387.0,True,318.0,True,124455.0,1,0,0,0.0,2,124674.0,126061.0,219.0,1606.0,0.0,0.0,1.0,1.0
832,114,1410,2.0,True,5.0,True,125596.0,1,0,0,0.02,8,126062.0,126064.0,466.0,468.0,0.0,0.0,1.0,1.0
831,5,2049,2.0,True,8.0,True,125482.0,1,0,0,0.02,7,126065.0,126067.0,583.0,585.0,0.0,0.0,1.0,1.0
829,226,1833,10.0,True,41.0,True,125272.0,1,0,0,0.01,6,126068.0,126078.0,796.0,806.0,0.0,0.0,1.0,1.0
828,176,1452,7.0,True,177.0,True,125046.0,1,0,0,0.01,5,126079.0,126086.0,1033.0,1040.0,0.0,0.0,1.0,1.0
833,294,1411,346.0,True,354.0,True,125890.0,1,0,0,0.01,4,126087.0,126433.0,197.0,543.0,0.0,0.0,1.0,1.0
827,289,1312,3598.0,False,844.0,False,124870.0,0,0,5,0.0,6,126434.0,126434.0,1564.0,1564.0,0.0,0.0,0.0,0.0
826,126,2160,69.0,True,402.0,True,124581.0,1,0,0,0.01,5,126434.0,126503.0,1853.0,1922.0,0.0,0.0,1.0,1.0
835,223,2813,44.0,True,363.0,True,126363.0,1,0,0,0.02,6,126504.0,126548.0,141.0,185.0,0.0,0.0,1.0,1.0
836,8,2293,74.0,True,386.0,True,126371.0,1,0,0,0.01,5,126549.0,126623.0,178.0,252.0,0.0,0.0,1.0,1.0
834,250,1086,2655.0,True,1048.0,True,126140.0,1,1,3,0.01,5,126624.0,126741.0,484.0,601.0,0.0,0.0,1.0,0.0
830,205,2420,3598.0,False,639.0,False,125477.0,1,1,0,0.0,0,126742.0,126982.0,1265.0,1505.0,0.0,0.0,1.0,0.0
837,116,1109,3598.0,False,1726.0,False,126487.0,0,0,3,0.0,0,126983.0,126983.0,496.0,496.0,0.0,0.0,0.0,0.0
838,5,1855,433.0,True,518.0,True,126492.0,1,0,0,0.0,0,126984.0,127417.0,492.0,925.0,0.0,0.0,1.0,1.0
840,127,2286,10.0,True,16.0,True,126741.0,1,0,0,0.01,5,127418.0,127428.0,677.0,687.0,0.0,0.0,1.0,1.0
842,177,1107,502.0,True,115.0,True,127159.0,1,0,0,0.01,4,127429.0,127931.0,270.0,772.0,0.0,0.0,1.0,1.0
844,243,1407,2.0,True,4.0,True,127551.0,1,0,0,0.01,5,127932.0,127934.0,381.0,383.0,0.0,0.0,1.0,1.0
845,192,2866,9.0,True,75.0,True,127743.0,1,0,0,0.01,4,127935.0,127944.0,192.0,201.0,0.0,0.0,1.0,1.0
843,149,2668,3598.0,False,145.0,True,127308.0,1,1,0,0.01,3,127945.0,128024.0,637.0,716.0,0.0,0.0,1.0,0.0
841,241,1757,79.0,True,156.0,True,126982.0,1,0,0,0.0,0,128025.0,128104.0,1043.0,1122.0,0.0,0.0,1.0,1.0
839,122,2589,35.0,True,203.0,True,126614.0,1,0,0,0.01,3,128105.0,128140.0,1491.0,1526.0,0.0,0.0,1.0,1.0
848,96,2366,1.0,True,52.0,True,128130.0,1,0,0,0.01,3,128141.0,128142.0,11.0,12.0,0.0,0.0,1.0,1.0
846,281,1583,602.0,True,383.0,True,128024.0,1,0,0,0.01,2,128143.0,128745.0,119.0,721.0,0.0,0.0,1.0,1.0
851,27,1647,5.0,True,24.0,True,128660.0,1,0,0,0.01,4,128746.0,128751.0,86.0,91.0,0.0,0.0,1.0,1.0
849,247,2061,31.0,True,223.0,True,128377.0,1,0,0,0.01,3,128752.0,128783.0,375.0,406.0,0.0,0.0,1.0,1.0
850,256,2543,550.0,True,463.0,True,128633.0,1,0,0,0.01,2,128784.0,129334.0,151.0,701.0,0.0,0.0,1.0,1.0
853,279,2832,109.0,True,85.0,True,129195.0,1,0,0,0.01,3,129335.0,129444.0,140.0,249.0,0.0,0.0,1.0,1.0
847,10,1992,3598.0,False,592.0,False,128034.0,1,1,0,0.01,3,129445.0,129582.0,1411.0,1548.0,0.0,0.0,1.0,0.0
854,244,1805,15.0,True,129.0,True,129439.0,1,0,0,0.0,0,129583.0,129598.0,144.0,159.0,0.0,0.0,1.0,1.0
852,256,1847,3598.0,False,1660.0,False,128916.0,1,1,0,0.01,2,129599.0,129674.0,683.0,758.0,0.0,0.0,1.0,0.0
855,143,2075,18.0,True,155.0,True,129582.0,1,0,0,0.0,0,129675.0,129693.0,93.0,111.0,0.0,0.0,1.0,1.0
856,92,2794,4.0,True,13.0,True,129674.0,-1,0,0,0.0,1,129694.0,129698.0,20.0,24.0,0.0,0.0,1.0,1.0
857,72,2554,13.0,True,16.0,True,129746.0,-1,0,0,0.0,0,129746.0,129759.0,0.0,13.0,48.0,0.0,1.0,1.0
858,40,2704,652.0,True,304.0,True,129786.0,-1,0,0,0.0,0,129786.0,130438.0,0.0,652.0,27.0,0.0,1.0,1.0
859,136,1556,6.0,True,23.0,True,129922.0,1,0,0,0.02,9,130439.0,130445.0,517.0,523.0,0.0,0.0,1.0,1.0
864,29,2129,3.0,True,24.0,True,130096.0,1,0,0,0.02,8,130446.0,130449.0,350.0,353.0,0.0,0.0,1.0,1.0
861,9,2936,2.0,True,39.0,True,129966.0,1,0,0,0.02,7,130450.0,130452.0,484.0,486.0,0.0,0.0,1.0,1.0
863,46,1625,76.0,True,49.0,True,130067.0,1,0,0,0.01,6,130453.0,130529.0,386.0,462.0,0.0,0.0,1.0,1.0
860,35,1217,15.0,True,51.0,True,129957.0,1,0,0,0.02,6,130530.0,130545.0,573.0,588.0,0.0,0.0,1.0,1.0
867,44,2124,75.0,True,51.0,True,130335.0,1,0,0,0.01,5,130546.0,130621.0,211.0,286.0,0.0,0.0,1.0,1.0
862,55,1103,2.0,True,70.0,True,130021.0,1,0,0,0.01,4,130622.0,130624.0,601.0,603.0,0.0,0.0,1.0,1.0
865,60,2720,29.0,True,106.0,True,130156.0,1,0,0,0.01,3,130625.0,130654.0,469.0,498.0,0.0,0.0,1.0,1.0
866,135,1143,39.0,True,391.0,True,130291.0,1,0,0,0.01,2,130655.0,130694.0,364.0,403.0,0.0,0.0,1.0,1.0
869,140,1268,15.0,True,12.0,True,130659.0,1,0,0,0.01,2,130695.0,130710.0,36.0,51.0,0.0,0.0,1.0,1.0
868,184,2849,1714.0,True,1652.0,True,130519.0,1,0,0,0.0,1,130711.0,132425.0,192.0,1906.0,0.0,0.0,1.0,1.0
872,42,1989,4.0,True,41.0,True,131236.0,1,0,0,0.06,11,132426.0,132430.0,1190.0,1194.0,0.0,0.0,1.0,1.0
878,217,2211,295.0,True,65.0,True,131891.0,1,0,0,0.05,10,132431.0,132726.0,540.0,835.0,0.0,0.0,1.0,1.0
884,59,1351,3598.0,False,226.0,True,132653.0,-1,1,0,1.0,13,132728.0,132838.0,75.0,185.0,0.0,0.0,1.0,0.0
875,12,1731,1841.0,True,165.0,True,131388.0,1,1,0,0.0,0,132839.0,133003.0,1451.0,1615.0,0.0,0.0,1.0,0.0
871,267,1851,149.0,True,117.0,True,131194.0,1,0,0,0.0,0,133004.0,133153.0,1810.0,1959.0,0.0,0.0,1.0,1.0
870,268,1879,149.0,True,90.0,True,130927.0,1,0,0,0.0,13,133154.0,133154.0,2227.0,2227.0,0.0,0.0,0.0,0.0
887,81,1567,663.0,True,435.0,True,133084.0,-1,0,0,1.0,12,133155.0,133818.0,71.0,734.0,0.0,0.0,1.0,1.0
874,6,2388,2056.0,True,660.0,True,131376.0,0,0,2,0.0,5,133819.0,133819.0,2443.0,2443.0,0.0,0.0,0.0,0.0
877,196,1911,821.0,True,569.0,True,131674.0,1,0,0,0.0,11,133819.0,133819.0,2145.0,2145.0,0.0,0.0,0.0,0.0
882,139,2181,405.0,True,125.0,True,132575.0,1,0,0,0.18,13,133819.0,134224.0,1244.0,1649.0,0.0,0.0,1.0,1.0
873,134,2583,18.0,True,588.0,True,131370.0,0,0,1,0.0,13,134225.0,134225.0,2855.0,2855.0,0.0,0.0,0.0,0.0
879,186,1973,147.0,True,77.0,True,132077.0,1,0,0,0.0,12,134225.0,134225.0,2148.0,2148.0,0.0,0.0,0.0,0.0
890,76,1357,191.0,True,182.0,True,133547.0,1,0,0,0.24,11,134225.0,134416.0,678.0,869.0,0.0,0.0,1.0,1.0
876,90,2890,3428.0,True,2631.0,False,131478.0,0,0,2,0.0,5,134417.0,134417.0,2939.0,2939.0,0.0,0.0,0.0,0.0
880,259,1964,1622.0,True,856.0,True,132336.0,0,0,4,0.0,3,134417.0,134417.0,2081.0,2081.0,0.0,0.0,0.0,0.0
883,19,1679,3598.0,False,1036.0,False,132594.0,0,0,2,0.0,4,134417.0,134417.0,1823.0,1823.0,0.0,0.0,0.0,0.0
881,100,2297,221.0,True,185.0,True,132436.0,1,0,0,0.13,8,134417.0,134638.0,1981.0,2202.0,0.0,0.0,1.0,1.0
891,130,1043,124.0,True,458.0,True,133677.0,1,0,1,0.26,9,134639.0,134763.0,962.0,1086.0,0.0,0.0,1.0,1.0
893,266,1792,263.0,True,234.0,True,134241.0,1,0,0,1.0,9,134765.0,135028.0,524.0,787.0,0.0,0.0,1.0,1.0
885,185,2320,30.0,True,216.0,True,132838.0,1,0,0,0.17,10,135029.0,135059.0,2191.0,2221.0,0.0,0.0,1.0,1.0
898,45,1015,34.0,True,100.0,True,135009.0,1,0,0,1.0,9,135061.0,135095.0,52.0,86.0,0.0,0.0,1.0,1.0
892,298,2968,270.0,True,282.0,True,133975.0,1,0,0,0.06,8,135096.0,135366.0,1121.0,1391.0,0.0,0.0,1.0,1.0
888,236,2552,126.0,True,294.0,True,133320.0,1,0,0,0.1,10,135367.0,135493.0,2047.0,2173.0,0.0,0.0,1.0,1.0
899,235,2642,3598.0,False,354.0,True,135244.0,1,1,0,0.08,10,135494.0,135562.0,250.0,318.0,0.0,0.0,1.0,0.0
900,6,2804,290.0,True,63.0,True,135250.0,1,0,0,0.0,0,135563.0,135853.0,313.0,603.0,0.0,0.0,1.0,1.0
902,177,1747,2.0,True,41.0,True,135455.0,1,0,0,0.66,11,135855.0,135857.0,400.0,402.0,0.0,0.0,1.0,1.0
894,185,1970,399.0,True,375.0,True,134426.0,1,0,0,0.18,10,135858.0,136257.0,1432.0,1831.0,0.0,0.0,1.0,1.0
886,165,2977,3598.0,False,1337.0,False,133003.0,0,0,8,0.0,9,136258.0,136258.0,3255.0,3255.0,0.0,0.0,0.0,0.0
889,151,2769,744.0,True,394.0,True,133471.0,1,0,0,0.0,11,136258.0,136258.0,2787.0,2787.0,0.0,0.0,0.0,0.0
906,171,2921,6.0,True,32.0,True,135970.0,1,0,0,0.04,9,136258.0,136264.0,288.0,294.0,0.0,0.0,1.0,1.0
903,107,1538,34.0,True,54.0,True,135562.0,1,0,0,0.07,10,136265.0,136299.0,703.0,737.0,0.0,0.0,1.0,1.0
904,84,1993,53.0,True,56.0,True,135646.0,1,0,0,0.41,11,136300.0,136353.0,654.0,707.0,0.0,0.0,1.0,1.0
909,1,2186,289.0,True,57.0,True,136263.0,1,0,0,0.13,10,136354.0,136643.0,91.0,380.0,0.0,0.0,1.0,1.0
895,105,1856,3598.0,False,1268.0,False,134531.0,0,0,11,0.0,7,136644.0,136644.0,2113.0,2113.0,0.0,0.0,0.0,0.0
896,206,1694,215.0,True,1105.0,True,134737.0,0,0,10,0.0,8,136644.0,136644.0,1907.0,1907.0,0.0,0.0,0.0,0.0
910,8,2565,54.0,True,136.0,True,136271.0,1,0,0,0.93,9,136645.0,136699.0,374.0,428.0,0.0,0.0,1.0,1.0
907,120,1180,35.0,True,122.0,True,136090.0,1,0,0,0.15,8,136700.0,136735.0,610.0,645.0,0.0,0.0,1.0,1.0
914,250,1951,3598.0,False,213.0,False,136722.0,1,1,0,0.12,8,136736.0,136896.0,14.0,174.0,0.0,0.0,1.0,0.0
905,153,2125,3598.0,False,264.0,True,135799.0,1,1,0,0.0,0,136897.0,136976.0,1098.0,1177.0,0.0,0.0,1.0,0.0
913,39,1537,196.0,True,224.0,False,136472.0,1,0,0,0.0,0,136977.0,137173.0,505.0,701.0,0.0,0.0,1.0,1.0
915,174,1218,184.0,True,227.0,False,136896.0,1,0,0,0.08,8,137174.0,137358.0,278.0,462.0,0.0,0.0,1.0,1.0
897,227,2345,3598.0,False,516.0,False,134964.0,0,0,4,0.0,3,137359.0,137359.0,2395.0,2395.0,0.0,0.0,0.0,0.0
917,33,1027,117.0,True,53.0,True,137009.0,1,0,0,0.1,8,137359.0,137476.0,350.0,467.0,0.0,0.0,1.0,1.0
911,4,1158,3598.0,False,1310.0,False,136275.0,0,0,7,0.0,5,137477.0,137477.0,1202.0,1202.0,0.0,0.0,0.0,0.0
920,197,2609,16.0,True,12.0,True,137455.0,1,0,0,0.02,7,137477.0,137493.0,22.0,38.0,0.0,0.0,1.0,1.0
908,172,2451,5.0,True,583.0,True,136262.0,1,0,0,0.02,6,137494.0,137499.0,1232.0,1237.0,0.0,0.0,1.0,1.0
916,80,2252,149.0,True,96.0,True,136976.0,1,0,0,0.01,5,137500.0,137649.0,524.0,673.0,0.0,0.0,1.0,1.0
901,28,2412,3598.0,False,752.0,False,135278.0,1,1,4,0.01,4,137650.0,137651.0,2372.0,2373.0,0.0,0.0,1.0,0.0
912,158,1668,2723.0,True,1203.0,True,136433.0,0,0,8,0.0,0,137652.0,137652.0,1219.0,1219.0,0.0,0.0,0.0,0.0
919,7,1950,3598.0,False,1381.0,False,137258.0,1,1,0,0.0,0,137653.0,137664.0,395.0,406.0,0.0,0.0,1.0,0.0
918,242,2718,3598.0,False,878.0,False,137251.0,1,1,0,0.0,0,137665.0,137805.0,414.0,554.0,0.0,0.0,1.0,0.0
921,196,2927,10.0,True,12.0,True,137651.0,-1,0,0,0.0,0,137806.0,137816.0,155.0,165.0,0.0,0.0,1.0,1.0
923,141,2422,1.0,True,6.0,True,137805.0,1,0,0,0.01,2,137817.0,137818.0,12.0,13.0,0.0,0.0,1.0,1.0
922,13,2232,3598.0,False,362.0,True,137664.0,1,1,0,0.0,1,137819.0,138065.0,155.0,401.0,0.0,0.0,1.0,0.0
924,213,1756,45.0,True,200.0,True,138018.0,-1,0,0,0.0,0,138066.0,138111.0,48.0,93.0,0.0,0.0,1.0,1.0
925,47,2849,16.0,True,68.0,True,138065.0,-1,0,0,0.0,1,138112.0,138128.0,47.0,63.0,0.0,0.0,1.0,1.0
926,142,1794,2.0,True,27.0,True,138207.0,-1,0,0,0.0,0,138207.0,138209.0,0.0,2.0,79.0,0.0,1.0,1.0
927,289,1907,53.0,True,120.0,True,138496.0,-1,0,0,0.0,0,138496.0,138549.0,0.0,53.0,287.0,0.0,1.0,1.0
928,224,2478,2.0,True,4.0,True,138720.0,-1,0,0,0.0,0,138720.0,138722.0,0.0,2.0,171.0,0.0,1.0,1.0
929,269,2286,39.0,True,35.0,True,138989.0,-1,0,0,0.0,0,138989.0,139028.0,0.0,39.0,267.0,0.0,1.0,1.0
930,131,2126,31.0,True,25.0,True,139120.0,-1,0,0,0.0,0,139120.0,139151.0,0.0,31.0,92.0,0.0,1.0,1.0
931,255,1273,6.0,True,88.0,True,139375.0,-1,0,0,0.0,0,139375.0,139381.0,0.0,6.0,224.0,0.0,1.0,1.0
932,126,1482,22.0,True,33.0,True,139501.0,-1,0,0,0.0,0,139501.0,139523.0,0.0,22.0,120.0,0.0,1.0,1.0
933,103,2250,263.0,True,470.0,True,139604.0,-1,0,0,0.0,0,139604.0,139867.0,0.0,263.0,81.0,0.0,1.0,1.0
934,94,2437,231.0,True,101.0,True,139698.0,-1,0,0,0.0,1,139868.0,140099.0,170.0,401.0,0.0,0.0,1.0,1.0
935,219,1102,16.0,True,402.0,False,139917.0,1,0,0,0.0,2,140100.0,140116.0,183.0,199.0,0.0,0.0,1.0,1.0
936,169,2905,43.0,True,26.0,True,140086.0,1,0,0,0.0,1,140117.0,140160.0,31.0,74.0,0.0,0.0,1.0,1.0
937,238,1228,15.0,True,29.0,True,140324.0,-1,0,0,0.0,0,140324.0,140339.0,0.0,15.0,164.0,0.0,1.0,1.0
938,204,1114,23.0,True,23.0,True,140528.0,-1,0,0,0.0,0,140528.0,140551.0,0.0,23.0,189.0,0.0,1.0,1.0
939,211,1700,3.0,True,24.0,True,140739.0,-1,0,0,0.0,0,140739.0,140742.0,0.0,3.0,188.0,0.0,1.0,1.0
940,156,1567,123.0,True,94.0,True,140895.0,-1,0,0,0.0,0,140895.0,141018.0,0.0,123.0,153.0,0.0,1.0,1.0
941,242,1875,102.0,True,340.0,True,141137.0,-1,0,0,0.0,0,141137.0,141239.0,0.0,102.0,119.0,0.0,1.0,1.0
942,43,2504,589.0,True,289.0,True,141180.0,-1,0,0,0.0,1,141240.0,141829.0,60.0,649.0,0.0,0.0,1.0,1.0
943,90,2362,2.0,True,17.0,True,141270.0,1,0,0,0.01,4,141830.0,141832.0,560.0,562.0,0.0,0.0,1.0,1.0
944,212,1819,2.0,True,22.0,True,141482.0,1,0,0,0.01,3,141833.0,141835.0,351.0,353.0,0.0,0.0,1.0,1.0
946,115,1875,630.0,True,185.0,True,141795.0,1,0,0,0.01,2,141836.0,142466.0,41.0,671.0,0.0,0.0,1.0,1.0
947,41,1915,132.0,True,40.0,True,141836.0,1,0,0,0.01,4,142467.0,142599.0,631.0,763.0,0.0,0.0,1.0,1.0
949,257,2067,20.0,True,40.0,True,142320.0,1,0,0,0.01,3,142600.0,142620.0,280.0,300.0,0.0,0.0,1.0,1.0
950,290,2884,2.0,True,26.0,True,142610.0,1,0,0,0.01,3,142621.0,142623.0,11.0,13.0,0.0,0.0,1.0,1.0
945,198,1501,167.0,True,241.0,True,141680.0,1,0,0,0.01,2,142624.0,142791.0,944.0,1111.0,0.0,0.0,1.0,1.0
952,46,1729,5.0,True,32.0,True,142765.0,1,0,0,0.01,3,142792.0,142797.0,27.0,32.0,0.0,0.0,1.0,1.0
951,109,1362,339.0,True,240.0,True,142719.0,1,0,0,0.01,2,142798.0,143137.0,79.0,418.0,0.0,0.0,1.0,1.0
953,180,2842,17.0,True,24.0,True,142945.0,1,0,0,0.01,3,143138.0,143155.0,193.0,210.0,0.0,0.0,1.0,1.0
954,174,1503,11.0,True,501.0,True,143119.0,1,0,0,0.01,2,143156.0,143167.0,37.0,48.0,0.0,0.0,1.0,1.0
948,227,2919,71.0,True,553.0,True,142063.0,1,0,0,0.0,1,143168.0,143239.0,1105.0,1176.0,0.0,0.0,1.0,1.0
955,136,1768,21.0,True,49.0,True,143255.0,-1,0,0,0.0,0,143255.0,143276.0,0.0,21.0,16.0,0.0,1.0,1.0
956,23,2758,7.0,True,119.0,True,143278.0,-1,0,0,0.0,0,143278.0,143285.0,0.0,7.0,2.0,0.0,1.0,1.0
957,252,2174,131.0,True,19.0,True,143530.0,-1,0,0,0.0,0,143530.0,143661.0,0.0,131.0,245.0,0.0,1.0,1.0
958,158,2887,72.0,True,246.0,True,143688.0,-1,0,0,0.0,0,143688.0,143760.0,0.0,72.0,27.0,0.0,1.0,1.0
959,91,2226,7.0,True,30.0,True,143779.0,-1,0,0,0.0,0,143779.0,143786.0,0.0,7.0,19.0,0.0,1.0,1.0
960,275,2044,875.0,True,21.0,True,144054.0,-1,0,0,0.0,0,144054.0,144929.0,0.0,875.0,268.0,0.0,1.0,1.0
963,262,2281,124.0,True,127.0,True,144622.0,1,0,0,0.02,5,144930.0,145054.0,308.0,432.0,0.0,0.0,1.0,1.0
964,113,1405,110.0,True,149.0,True,144735.0,1,0,0,0.01,4,145055.0,145165.0,320.0,430.0,0.0,0.0,1.0,1.0
961,123,1754,214.0,True,201.0,False,144177.0,1,0,0,0.01,4,145166.0,145380.0,989.0,1203.0,0.0,0.0,1.0,1.0
962,183,1822,189.0,True,211.0,False,144360.0,1,0,0,0.01,4,145381.0,145570.0,1021.0,1210.0,0.0,0.0,1.0,1.0
966,264,1618,455.0,True,404.0,True,145148.0,1,0,0,0.0,3,145571.0,146026.0,423.0,878.0,0.0,0.0,1.0,1.0
965,149,1040,3598.0,False,2858.0,False,144884.0,0,0,3,0.0,4,146027.0,146027.0,1143.0,1143.0,0.0,0.0,0.0,0.0
968,271,1261,3.0,True,2.0,True,145596.0,1,0,0,0.01,3,146027.0,146030.0,431.0,434.0,0.0,0.0,1.0,1.0
969,298,2321,219.0,True,301.0,True,145894.0,1,0,0,0.01,2,146031.0,146250.0,137.0,356.0,0.0,0.0,1.0,1.0
973,86,1958,3.0,True,49.0,True,146242.0,1,0,0,0.01,5,146251.0,146254.0,9.0,12.0,0.0,0.0,1.0,1.0
967,177,1385,3598.0,False,1420.0,False,145325.0,1,1,0,0.01,4,146255.0,146433.0,930.0,1108.0,0.0,0.0,1.0,0.0
970,178,1385,3598.0,False,2461.0,False,146072.0,0,0,2,0.0,0,146434.0,146434.0,362.0,362.0,0.0,0.0,0.0,0.0
972,79,2794,2.0,True,1.0,True,146156.0,1,0,0,0.0,0,146435.0,146437.0,279.0,281.0,0.0,0.0,1.0,1.0
974,153,2872,426.0,True,614.0,True,146395.0,1,0,0,0.01,3,146438.0,146864.0,43.0,469.0,0.0,0.0,1.0,1.0
978,195,1921,35.0,True,36.0,True,146702.0,1,0,0,0.01,5,146865.0,146900.0,163.0,198.0,0.0,0.0,1.0,1.0
976,28,1343,71.0,True,65.0,True,146461.0,1,0,0,0.01,4,146901.0,146972.0,440.0,511.0,0.0,0.0,1.0,1.0
977,46,2932,740.0,True,392.0,True,146507.0,1,0,0,0.01,3,146973.0,147713.0,466.0,1206.0,0.0,0.0,1.0,1.0
982,238,2230,7.0,True,29.0,True,147617.0,1,0,0,0.01,6,147714.0,147721.0,97.0,104.0,0.0,0.0,1.0,1.0
975,38,1597,3598.0,False,593.0,True,146433.0,1,1,1,0.01,5,147722.0,147891.0,1289.0,1458.0,0.0,0.0,1.0,0.0
980,183,2620,29.0,True,108.0,True,147156.0,1,0,0,0.0,0,147892.0,147921.0,736.0,765.0,0.0,0.0,1.0,1.0
983,274,1825,230.0,True,188.0,True,147891.0,1,0,0,0.01,4,147922.0,148152.0,31.0,261.0,0.0,0.0,1.0,1.0
971,5,1926,3598.0,False,3062.0,False,146077.0,0,0,3,0.0,3,148153.0,148153.0,2076.0,2076.0,0.0,0.0,0.0,0.0
984,248,2697,3.0,True,34.0,True,148139.0,1,0,0,0.01,3,148153.0,148156.0,14.0,17.0,0.0,0.0,1.0,1.0
981,223,2379,29.0,True,361.0,True,147379.0,1,0,0,0.0,2,148157.0,148186.0,778.0,807.0,0.0,0.0,1.0,1.0
979,271,2450,3084.0,True,1634.0,False,146973.0,1,1,0,0.0,1,148187.0,148532.0,1214.0,1559.0,0.0,0.0,1.0,0.0
985,125,2341,92.0,True,64.0,True,148264.0,-1,0,0,0.0,0,148533.0,148625.0,269.0,361.0,0.0,0.0,1.0,1.0
987,95,1516,2.0,True,31.0,True,148532.0,1,0,0,0.01,2,148626.0,148628.0,94.0,96.0,0.0,0.0,1.0,1.0
986,173,2799,12.0,True,37.0,True,148437.0,1,0,0,0.0,1,148629.0,148641.0,192.0,204.0,0.0,0.0,1.0,1.0
988,149,1663,654.0,True,382.0,True,148681.0,-1,0,0,0.0,0,148681.0,149335.0,0.0,654.0,40.0,0.0,1.0,1.0
989,179,1510,15.0,True,21.0,True,148860.0,1,0,0,0.01,3,149336.0,149351.0,476.0,491.0,0.0,0.0,1.0,1.0
990,34,2361,22.0,True,31.0,True,148894.0,1,0,0,0.0,2,149352.0,149374.0,458.0,480.0,0.0,0.0,1.0,1.0
991,253,1046,8.0,True,72.0,True,149147.0,1,0,0,0.0,1,149375.0,149383.0,228.0,236.0,0.0,0.0,1.0,1.0
992,293,2586,2.0,True,13.0,True,149440.0,-1,0,0,0.0,0,149440.0,149442.0,0.0,2.0,57.0,0.0,1.0,1.0
993,193,1985,9.0,True,54.0,True,149633.0,-1,0,0,0.0,0,149633.0,149642.0,0.0,9.0,191.0,0.0,1.0,1.0
994,82,1918,3598.0,False,1100.0,False,149715.0,-1,1,0,0.0,0,149715.0,149914.0,0.0,199.0,73.0,0.0,1.0,0.0
995,130,1120,74.0,True,77.0,True,149845.0,-1,0,0,0.0,0,149915.0,149989.0,70.0,144.0,0.0,0.0,1.0,1.0
996,69,2018,5.0,True,16.0,True,149914.0,-1,0,0,0.0,1,149990.0,149995.0,76.0,81.0,0.0,0.0,1.0,1.0
997,186,2263,72.0,True,78.0,True,150100.0,-1,0,0,0.0,0,150100.0,150172.0,0.0,72.0,105.0,0.0,1.0,1.0
998,254,1870,5.0,True,12.0,True,150354.0,-1,0,0,0.0,0,150354.0,150359.0,0.0,5.0,182.0,0.0,1.0,1.0
999,213,2825,178.0,True,143.0,True,150567.0,-1,0,0,0.0,0,150567.0,150745.0,0.0,178.0,208.0,0.0,1.0,1.0
1000,276,1296,272.0,True,227.0,True,150843.0,-1,0,0,0.0,0,150843.0,151115.0,0.0,272.0,98.0,0.0,1.0,1.0
1001,104,1749,288.0,True,268.0,True,150947.0,-1,0,0,0.0,1,151116.0,151404.0,169.0,457.0,0.0,0.0,1.0,1.0
1002,174,2108,231.0,True,92.0,True,151121.0,-1,0,0,0.0,1,151405.0,151636.0,284.0,515.0,0.0,0.0,1.0,1.0
1003,286,2424,220.0,True,1097.0,True,151407.0,-1,0,0,0.0,1,151637.0,151857.0,230.0,450.0,0.0,0.0,1.0,1.0
1004,277,2561,22.0,True,29.0,True,151684.0,1,0,0,0.01,3,151858.0,151880.0,174.0,196.0,0.0,0.0,1.0,1.0
1005,90,2035,273.0,True,115.0,True,151774.0,1,0,0,0.01,2,151881.0,152154.0,107.0,380.0,0.0,0.0,1.0,1.0
1007,129,1516,10.0,True,62.0,True,151914.0,1,0,0,0.01,3,152155.0,152165.0,241.0,251.0,0.0,0.0,1.0,1.0
1008,62,1311,52.0,True,126.0,True,151976.0,1,0,0,0.01,2,152166.0,152218.0,190.0,242.0,0.0,0.0,1.0,1.0
1006,11,1252,101.0,True,154.0,True,151785.0,1,0,0,0.01,2,152219.0,152320.0,434.0,535.0,0.0,0.0,1.0,1.0
1009,236,2015,88.0,True,285.0,True,152212.0,1,0,0,0.01,2,152321.0,152409.0,109.0,197.0,0.0,0.0,1.0,1.0
1010,66,1235,3598.0,False,250.0,True,152278.0,1,1,0,0.01,2,152410.0,152595.0,132.0,317.0,0.0,0.0,1.0,0.0
1011,51,1618,3598.0,False,689.0,False,152329.0,1,1,0,0.0,0,152596.0,152840.0,267.0,511.0,0.0,0.0,1.0,0.0
1012,266,1774,3598.0,False,218.0,False,152595.0,-1,1,0,0.0,0,152841.0,153044.0,246.0,449.0,0.0,0.0,1.0,0.0
1014,204,1149,162.0,True,142.0,True,153044.0,-1,0,0,0.0,0,153045.0,153207.0,1.0,163.0,0.0,0.0,1.0,1.0
1015,46,1606,108.0,True,131.0,True,153090.0,1,0,0,0.01,3,153208.0,153316.0,118.0,226.0,0.0,0.0,1.0,1.0
1017,81,1413,6.0,True,4.0,True,153260.0,1,0,0,0.01,4,153317.0,153323.0,57.0,63.0,0.0,0.0,1.0,1.0
1018,20,1776,6.0,True,4.0,True,153280.0,1,0,0,0.01,3,153324.0,153330.0,44.0,50.0,0.0,0.0,1.0,1.0
1016,89,2351,231.0,True,170.0,True,153179.0,1,0,0,0.01,2,153331.0,153562.0,152.0,383.0,0.0,0.0,1.0,1.0
1013,245,2545,190.0,True,218.0,False,152840.0,1,0,0,0.01,2,153563.0,153753.0,723.0,913.0,0.0,0.0,1.0,1.0
1019,201,1435,3598.0,False,2410.0,False,153481.0,1,1,0,0.0,1,153754.0,153804.0,273.0,323.0,0.0,0.0,1.0,0.0
1020,297,1921,3.0,True,2.0,True,153778.0,-1,0,0,0.0,0,153805.0,153808.0,27.0,30.0,0.0,0.0,1.0,1.0
1021,26,2437,1289.0,True,462.0,False,153804.0,-1,0,0,0.0,1,153809.0,155098.0,5.0,1294.0,0.0,0.0,1.0,1.0
1024,55,1018,228.0,True,67.0,True,154050.0,-1,0,0,0.0,9,155099.0,155099.0,1049.0,1049.0,0.0,0.0,0.0,0.0
1022,38,2964,17.0,True,106.0,True,153842.0,1,0,0,0.05,8,155099.0,155116.0,1257.0,1274.0,0.0,0.0,1.0,1.0
1025,47,1264,3598.0,False,384.0,True,154097.0,1,1,0,0.02,7,155117.0,155174.0,1020.0,1077.0,0.0,0.0,1.0,0.0
1030,286,1744,23.0,True,264.0,True,155093.0,1,0,0,0.0,0,155175.0,155198.0,82.0,105.0,0.0,0.0,1.0,1.0
1029,56,1908,3598.0,False,422.0,True,154807.0,1,1,0,0.02,6,155199.0,155242.0,392.0,435.0,0.0,0.0,1.0,0.0
1027,255,1270,7.0,True,536.0,True,154496.0,1,0,1,0.0,0,155243.0,155250.0,747.0,754.0,0.0,0.0,1.0,1.0
1032,68,2510,10.0,True,255.0,True,155242.0,1,0,0,0.01,5,155251.0,155261.0,9.0,19.0,0.0,0.0,1.0,1.0
1031,81,1216,8.0,True,104.0,True,155174.0,1,0,0,0.01,4,155262.0,155270.0,88.0,96.0,0.0,0.0,1.0,1.0
1026,144,2005,5.0,True,109.0,True,154241.0,1,0,1,0.01,3,155271.0,155276.0,1030.0,1035.0,0.0,0.0,1.0,1.0
1028,255,1010,10.0,True,1173.0,False,154751.0,1,0,5,0.01,2,155277.0,155287.0,526.0,536.0,0.0,0.0,1.0,1.0
1023,153,2307,33.0,True,1722.0,False,153995.0,0,0,3,0.0,1,155288.0,155288.0,1293.0,1293.0,0.0,0.0,0.0,0.0
1033,274,1110,8.0,True,1446.0,False,155516.0,-1,0,0,0.0,0,155516.0,155524.0,0.0,8.0,228.0,0.0,1.0,1.0
1034,250,2593,55.0,True,317.0,True,155766.0,-1,0,0,0.0,0,155766.0,155821.0,0.0,55.0,242.0,0.0,1.0,1.0
1035,83,2224,3598.0,False,2260.0,False,155849.0,-1,1,0,0.0,0,155849.0,156916.0,0.0,1067.0,28.0,0.0,1.0,0.0
1043,39,1599,3598.0,False,598.0,False,156916.0,-1,1,0,0.0,0,156917.0,156958.0,1.0,42.0,0.0,0.0,1.0,0.0
1042,68,2562,56.0,True,116.0,True,156877.0,-1,0,0,0.0,0,156959.0,157015.0,82.0,138.0,0.0,0.0,1.0,1.0
1041,190,1795,3598.0,False,1593.0,False,156809.0,1,1,0,0.05,7,157016.0,157136.0,207.0,327.0,0.0,0.0,1.0,0.0
1037,223,1790,3598.0,False,2104.0,False,156233.0,0,0,1,0.0,0,157137.0,157137.0,904.0,904.0,0.0,0.0,0.0,0.0
1044,42,1823,64.0,True,66.0,True,156958.0,1,0,0,0.0,0,157138.0,157202.0,180.0,244.0,0.0,0.0,1.0,1.0
1036,161,1035,1634.0,True,2019.0,True,156010.0,0,0,1,0.0,4,157203.0,157203.0,1193.0,1193.0,0.0,0.0,0.0,0.0
1045,178,1402,3598.0,False,813.0,False,157136.0,1,1,0,0.02,5,157203.0,157318.0,67.0,182.0,0.0,0.0,1.0,0.0
1046,58,1297,494.0,True,93.0,True,157194.0,1,0,0,0.0,0,157319.0,157813.0,125.0,619.0,0.0,0.0,1.0,1.0
1038,97,1396,3598.0,False,1946.0,False,156330.0,0,0,2,0.0,3,157814.0,157814.0,1484.0,1484.0,0.0,0.0,0.0,0.0
1039,250,1165,3598.0,False,2704.0,False,156580.0,0,0,2,0.0,4,157814.0,157814.0,1234.0,1234.0,0.0,0.0,0.0,0.0
1049,176,2960,3598.0,False,469.0,True,157785.0,1,1,0,0.01,4,157814.0,157869.0,29.0,84.0,0.0,0.0,1.0,0.0
1047,124,2484,2698.0,True,1077.0,True,157318.0,1,0,0,0.0,0,157870.0,160568.0,552.0,3250.0,0.0,0.0,1.0,1.0
1040,39,2235,1928.0,True,2698.0,False,156619.0,0,0,1,0.0,27,160569.0,160569.0,3950.0,3950.0,0.0,0.0,0.0,0.0
1048,291,2083,3598.0,False,1283.0,False,157609.0,1,0,0,0.0,26,160569.0,160569.0,2960.0,2960.0,0.0,0.0,0.0,0.0
1050,84,1038,3598.0,False,2637.0,False,157869.0,-1,0,0,0.0,25,160569.0,160569.0,2700.0,2700.0,0.0,0.0,0.0,0.0
1051,59,2453,3598.0,False,2209.0,True,157928.0,-1,0,0,0.0,4,160569.0,160569.0,2641.0,2641.0,0.0,0.0,0.0,0.0
1053,11,1698,3598.0,False,1928.0,False,157979.0,-1,0,0,0.0,12,160569.0,160569.0,2590.0,2590.0,0.0,0.0,0.0,0.0
1054,119,1749,3598.0,False,1130.0,False,158098.0,-1,0,0,0.0,18,160569.0,160569.0,2471.0,2471.0,0.0,0.0,0.0,0.0
1055,48,1701,3598.0,False,1571.0,False,158146.0,-1,0,0,0.0,14,160569.0,160569.0,2423.0,2423.0,0.0,0.0,0.0,0.0
1056,184,1996,3598.0,False,548.0,False,158330.0,-1,0,0,0.0,20,160569.0,160569.0,2239.0,2239.0,0.0,0.0,0.0,0.0
1057,139,1775,3598.0,False,2286.0,False,158469.0,-1,0,0,0.0,9,160569.0,160569.0,2100.0,2100.0,0.0,0.0,0.0,0.0
1058,42,1669,3598.0,False,2755.0,False,158511.0,-1,0,0,0.0,5,160569.0,160569.0,2058.0,2058.0,0.0,0.0,0.0,0.0
1059,75,1792,81.0,True,29.0,True,158586.0,-1,0,0,0.0,24,160569.0,160569.0,1983.0,1983.0,0.0,0.0,0.0,0.0
1066,11,1259,11.0,True,744.0,False,159639.0,-1,0,0,1.0,16,160570.0,160581.0,931.0,942.0,0.0,0.0,1.0,1.0
1061,251,2257,27.0,True,23.0,True,158968.0,-1,0,0,1.0,15,160583.0,160610.0,1615.0,1642.0,0.0,0.0,1.0,1.0
1063,32,1305,3598.0,False,2911.0,False,159290.0,-1,0,0,0.0,5,160611.0,160611.0,1321.0,1321.0,0.0,0.0,0.0,0.0
1065,240,1911,823.0,True,544.0,True,159628.0,-1,0,0,1.0,13,160612.0,161435.0,984.0,1807.0,0.0,0.0,1.0,1.0
1052,40,2998,3598.0,False,2163.0,False,157968.0,-1,0,0,0.0,3,161436.0,161436.0,3468.0,3468.0,0.0,0.0,0.0,0.0
1060,131,2579,143.0,True,309.0,True,158717.0,-1,0,0,0.0,14,161436.0,161436.0,2719.0,2719.0,0.0,0.0,0.0,0.0
1069,16,1171,1349.0,True,1858.0,False,159821.0,-1,0,0,0.0,13,161436.0,161436.0,1615.0,1615.0,0.0,0.0,0.0,0.0
1077,146,1377,95.0,True,67.0,True,160951.0,-1,0,0,1.0,14,161437.0,161532.0,486.0,581.0,0.0,0.0,1.0,1.0
1080,94,1365,1.0,True,4.0,True,161465.0,-1,0,0,1.0,14,161534.0,161535.0,69.0,70.0,0.0,0.0,1.0,1.0
1078,254,2074,1779.0,True,364.0,True,161205.0,-1,1,0,1.0,13,161537.0,161610.0,332.0,405.0,0.0,0.0,1.0,0.0
1081,145,1319,29.0,True,92.0,True,161610.0,-1,0,0,0.0,0,161611.0,161640.0,1.0,30.0,0.0,0.0,1.0,1.0
1075,125,2336,100.0,True,133.0,True,160692.0,-1,0,0,1.0,12,161642.0,161742.0,950.0,1050.0,0.0,0.0,1.0,1.0
1064,98,2316,3598.0,False,1672.0,False,159388.0,-1,0,0,0.0,5,161743.0,161743.0,2355.0,2355.0,0.0,0.0,0.0,0.0
1062,290,2757,289.0,True,85.0,True,159258.0,-1,0,0,1.0,10,161744.0,162033.0,2486.0,2775.0,0.0,0.0,1.0,1.0
1068,19,1939,65.0,True,1726.0,False,159805.0,-1,0,0,0.0,5,162034.0,162034.0,2229.0,2229.0,0.0,0.0,0.0,0.0
1074,89,1376,169.0,True,1742.0,False,160567.0,-1,0,0,0.0,10,162034.0,162034.0,1467.0,1467.0,0.0,0.0,0.0,0.0
1072,258,2841,3598.0,False,524.0,True,160262.0,1,1,0,0.1,9,162034.0,162074.0,1772.0,1812.0,0.0,0.0,1.0,0.0
1070,171,2607,3598.0,False,1775.0,False,159992.0,0,0,1,0.0,0,162075.0,162075.0,2083.0,2083.0,0.0,0.0,0.0,0.0
1067,147,2982,189.0,True,1194.0,False,159786.0,0,0,1,0.0,0,162076.0,162076.0,2290.0,2290.0,0.0,0.0,0.0,0.0
1076,113,2924,147.0,True,215.0,True,160805.0,1,0,0,0.0,0,162077.0,162224.0,1272.0,1419.0,0.0,0.0,1.0,1.0
1083,5,2989,2.0,True,1.0,True,161785.0,1,0,0,0.03,7,162225.0,162227.0,440.0,442.0,0.0,0.0,1.0,1.0
1082,170,2619,2.0,True,2.0,True,161780.0,1,0,0,0.02,6,162228.0,162230.0,448.0,450.0,0.0,0.0,1.0,1.0
1084,289,1614,3.0,True,3.0,True,162074.0,1,0,0,0.01,5,162231.0,162234.0,157.0,160.0,0.0,0.0,1.0,1.0
1085,140,2030,3.0,True,51.0,True,162214.0,1,0,0,0.01,4,162235.0,162238.0,21.0,24.0,0.0,0.0,1.0,1.0
1079,166,2965,359.0,True,336.0,True,161371.0,1,0,0,0.01,3,162239.0,162598.0,868.0,1227.0,0.0,0.0,1.0,1.0
1087,276,2821,2.0,True,2.0,True,162520.0,1,0,0,0.01,4,162599.0,162601.0,79.0,81.0,0.0,0.0,1.0,1.0
1086,30,1171,9.0,True,4.0,True,162244.0,1,0,0,0.01,3,162602.0,162611.0,358.0,367.0,0.0,0.0,1.0,1.0
1088,85,1276,170.0,True,182.0,True,162605.0,1,0,0,0.01,3,162612.0,162782.0,7.0,177.0,0.0,0.0,1.0,1.0
1091,46,2812,2.0,True,2.0,True,162743.0,1,0,0,0.01,5,162783.0,162785.0,40.0,42.0,0.0,0.0,1.0,1.0
1090,39,2723,3.0,True,3.0,True,162697.0,1,0,0,0.02,4,162786.0,162789.0,89.0,92.0,0.0,0.0,1.0,1.0
1089,53,1471,3.0,True,25.0,True,162658.0,1,0,0,0.01,3,162790.0,162793.0,132.0,135.0,0.0,0.0,1.0,1.0
1073,216,2891,13.0,True,2838.0,False,160478.0,1,0,0,0.01,2,162794.0,162807.0,2316.0,2329.0,0.0,0.0,1.0,1.0
1071,12,2865,12.0,True,2918.0,False,160004.0,0,0,13,0.0,1,162808.0,162808.0,2804.0,2804.0,0.0,0.0,0.0,0.0
1092,287,2917,2.0,True,3.0,True,163030.0,-1,0,0,0.0,0,163030.0,163032.0,0.0,2.0,222.0,0.0,1.0,1.0
1093,281,1694,3.0,True,3.0,True,163311.0,-1,0,0,0.0,0,163311.0,163314.0,0.0,3.0,279.0,0.0,1.0,1.0
1094,168,2771,3598.0,False,1413.0,False,163479.0,-1,1,0,0.0,0,163479.0,163692.0,0.0,213.0,165.0,0.0,1.0,0.0
1096,164,1333,2.0,True,2.0,True,163692.0,-1,0,0,0.0,0,163693.0,163695.0,1.0,3.0,0.0,0.0,1.0,1.0
1095,49,1422,4.0,True,44.0,True,163528.0,-1,0,0,0.0,1,163696.0,163700.0,168.0,172.0,0.0,0.0,1.0,1.0
1097,293,1181,2.0,True,2.0,True,163985.0,-1,0,0,0.0,0,163985.0,163987.0,0.0,2.0,285.0,0.0,1.0,1.0
1098,99,2985,2.0,True,2.0,True,164084.0,-1,0,0,0.0,0,164084.0,164086.0,0.0,2.0,97.0,0.0,1.0,1.0
1099,56,2529,2.0,True,2.0,True,164140.0,-1,0,0,0.0,0,164140.0,164142.0,0.0,2.0,54.0,0.0,1.0,1.0
1100,109,1334,2.0,True,2.0,True,164249.0,-1,0,0,0.0,0,164249.0,164251.0,0.0,2.0,107.0,0.0,1.0,1.0
1101,272,2932,3.0,True,2.0,True,164521.0,-1,0,0,0.0,0,164521.0,164524.0,0.0,3.0,270.0,0.0,1.0,1.0
1102,290,1813,4.0,True,52.0,True,164811.0,-1,0,0,0.0,0,164811.0,164815.0,0.0,4.0,287.0,0.0,1.0,1.0
1103,14,2753,4.0,True,21.0,True,164825.0,-1,0,0,0.0,0,164825.0,164829.0,0.0,4.0,10.0,0.0,1.0,1.0
1104,244,1679,5.0,True,33.0,True,165069.0,-1,0,0,0.0,0,165069.0,165074.0,0.0,5.0,240.0,0.0,1.0,1.0
1105,62,2642,1.0,True,2.0,True,165131.0,-1,0,0,0.0,0,165131.0,165132.0,0.0,1.0,57.0,0.0,1.0,1.0
1106,103,2117,32.0,True,115.0,True,165234.0,-1,0,0,0.0,0,165234.0,165266.0,0.0,32.0,102.0,0.0,1.0,1.0
1107,224,1474,1.0,True,1.0,True,165458.0,-1,0,0,0.0,0,165458.0,165459.0,0.0,1.0,192.0,0.0,1.0,1.0
1108,12,2987,1.0,True,2.0,True,165470.0,-1,0,0,0.0,0,165470.0,165471.0,0.0,1.0,11.0,0.0,1.0,1.0
1109,65,1741,1.0,True,1.0,True,165535.0,-1,0,0,0.0,0,165535.0,165536.0,0.0,1.0,64.0,0.0,1.0,1.0
1110,62,1062,251.0,True,118.0,True,165597.0,-1,0,0,0.0,0,165597.0,165848.0,0.0,251.0,61.0,0.0,1.0,1.0
1111,184,1294,4.0,True,55.0,True,165781.0,-1,0,0,0.0,1,165849.0,165853.0,68.0,72.0,0.0,0.0,1.0,1.0
1112,249,1756,672.0,True,343.0,True,166030.0,-1,0,0,0.0,0,166030.0,166702.0,0.0,672.0,177.0,0.0,1.0,1.0
1113,211,2726,1.0,True,37.0,True,166241.0,1,0,0,0.01,4,166703.0,166704.0,462.0,463.0,0.0,0.0,1.0,1.0
1114,29,2858,735.0,True,206.0,True,166270.0,1,0,0,0.01,3,166705.0,167440.0,435.0,1170.0,0.0,0.0,1.0,1.0
1117,293,1104,44.0,True,405.0,True,166962.0,1,0,0,0.01,4,167441.0,167485.0,479.0,523.0,0.0,0.0,1.0,1.0
1118,241,2849,262.0,True,346.0,True,167203.0,1,0,0,0.01,4,167486.0,167748.0,283.0,545.0,0.0,0.0,1.0,1.0
1120,238,1106,2.0,True,13.0,True,167687.0,1,0,0,0.01,4,167749.0,167751.0,62.0,64.0,0.0,0.0,1.0,1.0
1119,246,2507,399.0,True,275.0,True,167449.0,1,0,0,0.01,3,167752.0,168151.0,303.0,702.0,0.0,0.0,1.0,1.0
1122,7,2146,3229.0,True,39.0,True,167865.0,1,1,0,0.01,5,168152.0,168207.0,287.0,342.0,0.0,0.0,1.0,0.0
1121,171,2623,134.0,True,42.0,True,167858.0,1,0,0,0.0,0,168208.0,168342.0,350.0,484.0,0.0,0.0,1.0,1.0
1115,139,2007,14.0,True,451.0,False,166409.0,1,0,1,0.01,5,168343.0,168357.0,1934.0,1948.0,0.0,0.0,1.0,1.0
1124,242,1846,3598.0,False,165.0,True,168207.0,1,1,0,0.01,4,168358.0,168426.0,151.0,219.0,0.0,0.0,1.0,0.0
1125,95,1645,10.0,True,201.0,True,168302.0,1,0,0,0.0,0,168427.0,168437.0,125.0,135.0,0.0,0.0,1.0,1.0
1116,260,2230,135.0,True,380.0,True,166669.0,1,0,0,0.0,3,168438.0,168573.0,1769.0,1904.0,0.0,0.0,1.0,1.0
1123,100,1026,511.0,True,1254.0,True,167965.0,1,0,2,0.0,2,168574.0,169085.0,609.0,1120.0,0.0,0.0,1.0,1.0
1128,257,1385,19.0,True,41.0,True,168847.0,1,0,0,0.01,3,169086.0,169105.0,239.0,258.0,0.0,0.0,1.0,1.0
1126,124,2739,3598.0,False,175.0,True,168426.0,1,1,0,0.01,2,169106.0,169113.0,680.0,687.0,0.0,0.0,1.0,0.0
1127,164,1229,3598.0,False,325.0,False,168590.0,1,1,0,0.0,0,169114.0,169391.0,524.0,801.0,0.0,0.0,1.0,0.0
1129,266,2308,89.0,True,16.0,True,169113.0,-1,0,0,0.0,0,169392.0,169481.0,279.0,368.0,0.0,0.0,1.0,1.0
1131,70,1893,89.0,True,364.0,True,169461.0,1,0,0,0.01,2,169482.0,169571.0,21.0,110.0,0.0,0.0,1.0,1.0
1130,278,1145,458.0,True,31.0,True,169391.0,1,0,0,0.01,2,169572.0,170030.0,181.0,639.0,0.0,0.0,1.0,1.0
1132,75,1178,27.0,True,44.0,True,169536.0,1,0,0,0.01,5,170031.0,170058.0,495.0,522.0,0.0,0.0,1.0,1.0
1133,47,1969,133.0,True,63.0,True,169583.0,1,0,0,0.01,4,170059.0,170192.0,476.0,609.0,0.0,0.0,1.0,1.0
1137,46,2389,1463.0,True,103.0,True,170060.0,1,0,0,0.01,4,170193.0,171656.0,133.0,1596.0,0.0,0.0,1.0,1.0
1134,213,1142,27.0,True,177.0,False,169796.0,1,0,0,0.0,17,171657.0,171657.0,1861.0,1861.0,0.0,0.0,0.0,0.0
1145,199,1379,306.0,True,181.0,True,170918.0,-1,1,0,1.0,17,171658.0,171898.0,740.0,980.0,0.0,0.0,1.0,0.0
1139,16,1557,77.0,True,61.0,True,170297.0,-1,0,0,0.0,0,171899.0,171899.0,1602.0,1602.0,0.0,0.0,0.0,0.0
1140,161,1598,81.0,True,73.0,True,170458.0,-1,0,0,0.0,0,171900.0,171981.0,1442.0,1523.0,0.0,0.0,1.0,1.0
1136,87,1768,40.0,True,115.0,True,170014.0,1,0,0,0.0,14,171982.0,171982.0,1968.0,1968.0,0.0,0.0,0.0,0.0
1138,221,1666,3304.0,True,2631.0,False,170281.0,-1,0,0,0.0,2,171982.0,171982.0,1701.0,1701.0,0.0,0.0,0.0,0.0
1146,37,1517,3598.0,False,234.0,True,170955.0,-1,1,0,1.0,14,171983.0,171986.0,1028.0,1031.0,0.0,0.0,1.0,0.0
1151,201,1602,13.0,True,191.0,True,171490.0,-1,0,0,0.0,0,171987.0,172000.0,497.0,510.0,0.0,0.0,1.0,1.0
1152,128,1798,41.0,True,134.0,True,171618.0,1,0,0,0.84,13,172002.0,172043.0,384.0,425.0,0.0,0.0,1.0,1.0
1142,45,1636,520.0,True,249.0,True,170583.0,1,0,0,0.17,12,172044.0,172564.0,1461.0,1981.0,0.0,0.0,1.0,1.0
1141,80,1923,509.0,True,133.0,True,170538.0,1,0,0,0.0,18,172565.0,172565.0,2027.0,2027.0,0.0,0.0,0.0,0.0
1147,222,2252,27.0,True,19.0,True,171177.0,1,0,0,1.0,17,172566.0,172593.0,1389.0,1416.0,0.0,0.0,1.0,1.0
1155,72,2138,41.0,True,214.0,True,171986.0,1,0,0,1.0,17,172595.0,172636.0,609.0,650.0,0.0,0.0,1.0,1.0
1144,83,2045,3598.0,False,327.0,True,170719.0,1,1,1,1.0,16,172638.0,172731.0,1919.0,2012.0,0.0,0.0,1.0,0.0
1158,270,2373,20.0,True,45.0,True,172347.0,-1,0,0,0.0,0,172732.0,172752.0,385.0,405.0,0.0,0.0,1.0,1.0
1135,131,2810,1189.0,True,432.0,True,169927.0,0,0,1,0.0,6,172753.0,172753.0,2826.0,2826.0,0.0,0.0,0.0,0.0
1159,65,1663,3598.0,False,771.0,False,172412.0,-1,1,0,1.0,14,172754.0,172913.0,342.0,501.0,0.0,0.0,1.0,0.0
1165,182,2029,2.0,True,10.0,True,172913.0,-1,0,0,0.0,0,172914.0,172916.0,1.0,3.0,0.0,0.0,1.0,1.0
1161,26,2491,19.0,True,22.0,True,172526.0,-1,0,0,1.0,13,172918.0,172937.0,392.0,411.0,0.0,0.0,1.0,1.0
1162,28,2405,7.0,True,154.0,True,172554.0,1,0,0,0.29,12,172938.0,172945.0,384.0,391.0,0.0,0.0,1.0,1.0
1164,164,2939,3598.0,False,22.0,True,172731.0,1,1,0,0.13,11,172946.0,173112.0,215.0,381.0,0.0,0.0,1.0,0.0
1156,63,2837,140.0,True,89.0,True,172049.0,1,0,0,0.0,0,173113.0,173253.0,1064.0,1204.0,0.0,0.0,1.0,1.0
1157,28,1070,3598.0,False,2938.0,False,172077.0,0,0,2,0.0,5,173254.0,173254.0,1177.0,1177.0,0.0,0.0,0.0,0.0
1148,25,2322,3598.0,False,310.0,True,171202.0,1,1,0,0.53,10,173255.0,173329.0,2053.0,2127.0,0.0,0.0,1.0,0.0
1143,53,2762,3598.0,False,604.0,False,170636.0,0,0,3,0.0,0,173330.0,173330.0,2694.0,2694.0,0.0,0.0,0.0,0.0
1153,280,2317,31.0,True,453.0,True,171898.0,1,0,0,0.0,0,173331.0,173362.0,1433.0,1464.0,0.0,0.0,1.0,1.0
1168,106,1376,1203.0,True,25.0,True,173329.0,1,0,0,0.03,8,173363.0,174566.0,34.0,1237.0,0.0,0.0,1.0,1.0
1149,62,2655,3598.0,False,1656.0,False,171264.0,0,0,6,0.0,4,174567.0,174567.0,3303.0,3303.0,0.0,0.0,0.0,0.0
1150,25,2359,3598.0,False,1490.0,False,171289.0,0,0,6,0.0,11,174567.0,174567.0,3278.0,3278.0,0.0,0.0,0.0,0.0
1154,16,2727,1473.0,True,267.0,True,171914.0,1,0,0,0.1,10,174567.0,176040.0,2653.0,4126.0,0.0,0.0,1.0,1.0
1160,88,2150,3598.0,False,2291.0,False,172500.0,0,0,2,0.0,8,176041.0,176041.0,3541.0,3541.0,0.0,0.0,0.0,0.0
1163,13,2348,382.0,True,367.0,True,172567.0,0,0,1,0.0,6,176041.0,176041.0,3474.0,3474.0,0.0,0.0,0.0,0.0
1166,199,2663,21.0,True,607.0,True,173112.0,1,0,0,0.0,4,176041.0,176041.0,2929.0,2929.0,0.0,0.0,0.0,0.0
1167,111,2583,188.0,True,915.0,True,173223.0,0,0,2,0.0,1,176041.0,176041.0,2818.0,2818.0,0.0,0.0,0.0,0.0
1169,281,1924,69.0,True,485.0,True,173610.0,1,0,0,0.0,5,176041.0,176041.0,2431.0,2431.0,0.0,0.0,0.0,0.0
1173,170,1084,3598.0,False,200.0,True,174495.0,1,0,0,0.0,7,176041.0,176041.0,1546.0,1546.0,0.0,0.0,0.0,0.0
1172,290,2969,1365.0,True,16.0,True,174325.0,1,0,0,0.01,3,176041.0,177406.0,1716.0,3081.0,0.0,0.0,1.0,1.0
1170,184,2798,3598.0,False,2674.0,False,173794.0,1,0,0,0.0,1,177407.0,177407.0,3613.0,3613.0,0.0,0.0,0.0,0.0
1171,241,2591,42.0,True,402.0,True,174035.0,1,0,0,0.0,2,177407.0,177407.0,3372.0,3372.0,0.0,0.0,0.0,0.0
