,interArrivalTime,maximumWaitingTime,RealServiceTime,RealSolvable,PredictedServiceTime,PredictedSolvable,ArrivalTime,Stopped,QueuedInstances,TimeServiceBegins,TimeServiceEnds,WaitingTimeInQueue,TimeInstanceInSystem,IdleTimeOfServer,VM,Attended,Solved
0,1,291,1.0,True,1.0,True,1.0,0,0,1.0,2.0,0.0,1.0,1.0,0.0,1.0,1.0
1,130,100,1.0,True,1.0,True,131.0,0,0,131.0,132.0,0.0,1.0,129.0,0.0,1.0,1.0
2,35,297,1.0,True,1.0,True,166.0,0,0,166.0,167.0,0.0,1.0,34.0,0.0,1.0,1.0
3,30,282,1.0,True,1.0,True,196.0,0,0,196.0,197.0,0.0,1.0,29.0,0.0,1.0,1.0
4,258,213,1.0,True,1.0,True,454.0,0,0,454.0,455.0,0.0,1.0,257.0,0.0,1.0,1.0
5,119,245,1.0,True,1.0,True,573.0,0,0,573.0,574.0,0.0,1.0,118.0,0.0,1.0,1.0
6,143,88,593.0,True,56.0,True,716.0,1,0,716.0,914.0,0.0,198.0,142.0,0.0,1.0,0.0
7,106,257,1.0,True,1.0,True,822.0,0,0,915.0,916.0,93.0,94.0,0.0,0.0,1.0,1.0
8,92,281,1.0,True,1.0,True,914.0,0,1,917.0,918.0,3.0,4.0,0.0,0.0,1.0,1.0
9,248,253,1.0,True,5.0,False,1162.0,0,0,1162.0,1163.0,0.0,1.0,244.0,0.0,1.0,1.0
10,209,156,1.0,True,1.0,True,1371.0,0,0,1371.0,1372.0,0.0,1.0,208.0,0.0,1.0,1.0
11,202,280,1.0,True,1.0,True,1573.0,0,0,1573.0,1574.0,0.0,1.0,201.0,0.0,1.0,1.0
12,268,67,1.0,True,5.0,True,1841.0,0,0,1841.0,1842.0,0.0,1.0,267.0,0.0,1.0,1.0
13,78,97,1.0,True,1.0,True,1919.0,0,0,1919.0,1920.0,0.0,1.0,77.0,0.0,1.0,1.0
14,139,60,1.0,True,1.0,True,2058.0,0,0,2058.0,2059.0,0.0,1.0,138.0,0.0,1.0,1.0
15,82,251,1.0,True,1.0,True,2140.0,0,0,2140.0,2141.0,0.0,1.0,81.0,0.0,1.0,1.0
16,211,127,1.0,True,1.0,True,2351.0,0,0,2351.0,2352.0,0.0,1.0,210.0,0.0,1.0,1.0
17,167,256,1.0,True,1.0,True,2518.0,0,0,2518.0,2519.0,0.0,1.0,166.0,0.0,1.0,1.0
18,264,1,1.0,True,1.0,True,2782.0,0,0,2782.0,2783.0,0.0,1.0,263.0,0.0,1.0,1.0
19,44,35,1.0,True,1.0,True,2826.0,0,0,2826.0,2827.0,0.0,1.0,43.0,0.0,1.0,1.0
20,232,54,216.0,True,415.0,True,3058.0,0,0,3058.0,3274.0,0.0,216.0,231.0,0.0,1.0,1.0
21,24,267,7.0,True,27.0,True,3082.0,0,2,3275.0,3282.0,193.0,200.0,0.0,0.0,1.0,1.0
22,30,232,3312.0,True,180.0,False,3112.0,1,1,3283.0,3590.0,171.0,478.0,0.0,0.0,1.0,0.0
23,288,48,42.0,True,107.0,True,3400.0,0,0,3591.0,3591.0,191.0,191.0,0.0,0.0,0.0,0.0
24,190,99,3598.0,False,580.0,False,3590.0,1,0,3592.0,3692.0,2.0,102.0,0.0,0.0,1.0,0.0
25,37,269,3598.0,False,1518.0,False,3627.0,1,0,3693.0,3945.0,66.0,318.0,0.0,0.0,1.0,0.0
27,253,267,3598.0,False,94.0,False,3945.0,1,0,3946.0,4070.0,1.0,125.0,0.0,0.0,1.0,0.0
28,125,133,3598.0,False,407.0,True,4070.0,1,0,4071.0,4204.0,1.0,134.0,0.0,0.0,1.0,0.0
29,134,221,82.0,True,85.0,True,4204.0,0,0,4205.0,4287.0,1.0,83.0,0.0,0.0,1.0,1.0
26,65,58,3598.0,False,1630.0,False,3692.0,0,1,4288.0,4288.0,596.0,596.0,0.0,0.0,0.0,0.0
30,144,62,87.0,True,614.0,False,4348.0,0,0,4348.0,4435.0,0.0,87.0,61.0,0.0,1.0,1.0
31,120,253,75.0,True,393.0,False,4468.0,0,0,4468.0,4543.0,0.0,75.0,33.0,0.0,1.0,1.0
32,108,252,190.0,True,28.0,True,4576.0,0,0,4576.0,4766.0,0.0,190.0,33.0,0.0,1.0,1.0
33,35,45,512.0,True,316.0,False,4611.0,0,2,4767.0,4767.0,156.0,156.0,0.0,0.0,0.0,0.0
35,6,157,3134.0,True,272.0,True,4690.0,1,2,4767.0,4917.0,77.0,227.0,0.0,0.0,1.0,0.0
36,227,76,1.0,True,1.0,True,4917.0,0,0,4918.0,4919.0,1.0,2.0,0.0,0.0,1.0,1.0
34,73,234,1400.0,True,904.0,False,4684.0,0,1,4920.0,4920.0,236.0,236.0,0.0,0.0,0.0,0.0
37,109,59,1.0,True,1.0,True,5026.0,0,0,5026.0,5027.0,0.0,1.0,107.0,0.0,1.0,1.0
38,262,262,16.0,True,208.0,True,5288.0,0,0,5288.0,5304.0,0.0,16.0,261.0,0.0,1.0,1.0
39,60,136,1.0,True,1.0,True,5348.0,0,0,5348.0,5349.0,0.0,1.0,44.0,0.0,1.0,1.0
40,84,32,1.0,True,1.0,True,5432.0,0,0,5432.0,5433.0,0.0,1.0,83.0,0.0,1.0,1.0
41,13,6,275.0,True,73.0,True,5445.0,0,0,5445.0,5720.0,0.0,275.0,12.0,0.0,1.0,1.0
42,252,198,3598.0,False,309.0,True,5697.0,1,1,5721.0,5934.0,24.0,237.0,0.0,0.0,1.0,0.0
43,81,12,1.0,True,1.0,True,5778.0,0,0,5935.0,5935.0,157.0,157.0,0.0,0.0,0.0,0.0
44,156,20,1.0,True,1.0,True,5934.0,0,0,5936.0,5937.0,2.0,3.0,0.0,0.0,1.0,1.0
45,295,159,3598.0,False,1837.0,False,6229.0,1,0,6229.0,6471.0,0.0,242.0,292.0,0.0,1.0,0.0
47,6,140,1.0,True,1.0,True,6471.0,0,0,6472.0,6473.0,1.0,2.0,0.0,0.0,1.0,1.0
46,236,3,3598.0,False,178.0,True,6465.0,0,1,6474.0,6474.0,9.0,9.0,0.0,0.0,0.0,0.0
48,75,48,49.0,True,253.0,True,6546.0,0,0,6546.0,6595.0,0.0,49.0,73.0,0.0,1.0,1.0
49,77,195,3598.0,False,415.0,True,6623.0,1,0,6623.0,6915.0,0.0,292.0,28.0,0.0,1.0,0.0
50,279,20,1.0,True,1.0,True,6902.0,0,0,6916.0,6917.0,14.0,15.0,0.0,0.0,1.0,1.0
51,13,159,1.0,True,1.0,True,6915.0,0,1,6918.0,6919.0,3.0,4.0,0.0,0.0,1.0,1.0
52,249,174,1.0,True,1.0,True,7164.0,0,0,7164.0,7165.0,0.0,1.0,245.0,0.0,1.0,1.0
53,63,288,1.0,True,9.0,True,7227.0,0,0,7227.0,7228.0,0.0,1.0,62.0,0.0,1.0,1.0
54,298,169,1.0,True,8.0,True,7525.0,0,0,7525.0,7526.0,0.0,1.0,297.0,0.0,1.0,1.0
55,147,134,1.0,True,1.0,True,7672.0,0,0,7672.0,7673.0,0.0,1.0,146.0,0.0,1.0,1.0
56,179,234,286.0,True,33.0,True,7851.0,0,0,7851.0,8137.0,0.0,286.0,178.0,0.0,1.0,1.0
57,83,203,1.0,True,3.0,True,7934.0,0,1,8138.0,8138.0,204.0,204.0,0.0,0.0,0.0,0.0
58,186,14,1.0,True,1.0,True,8120.0,0,2,8138.0,8138.0,18.0,18.0,0.0,0.0,0.0,0.0
59,59,86,1.0,True,1.0,True,8179.0,0,0,8179.0,8180.0,0.0,1.0,42.0,0.0,1.0,1.0
60,280,111,1.0,True,1.0,True,8459.0,0,0,8459.0,8460.0,0.0,1.0,279.0,0.0,1.0,1.0
61,264,56,1.0,True,1.0,True,8723.0,0,0,8723.0,8724.0,0.0,1.0,263.0,0.0,1.0,1.0
62,64,166,3598.0,False,2114.0,False,8787.0,1,0,8787.0,9007.0,0.0,220.0,63.0,0.0,1.0,0.0
64,219,224,7.0,True,7.0,True,9007.0,0,0,9008.0,9015.0,1.0,8.0,0.0,0.0,1.0,1.0
63,1,229,3.0,True,43.0,False,8788.0,0,1,9016.0,9019.0,228.0,231.0,0.0,0.0,1.0,1.0
65,173,270,42.0,True,17.0,True,9180.0,0,0,9180.0,9222.0,0.0,42.0,161.0,0.0,1.0,1.0
66,172,71,6.0,True,51.0,True,9352.0,0,0,9352.0,9358.0,0.0,6.0,130.0,0.0,1.0,1.0
67,228,109,11.0,True,167.0,True,9580.0,0,0,9580.0,9591.0,0.0,11.0,222.0,0.0,1.0,1.0
68,289,283,1507.0,True,379.0,True,9869.0,1,0,9869.0,10136.0,0.0,267.0,278.0,0.0,1.0,0.0
70,7,221,37.0,True,33.0,True,10136.0,0,0,10137.0,10174.0,1.0,38.0,0.0,0.0,1.0,1.0
69,260,114,22.0,True,53.0,True,10129.0,0,1,10175.0,10197.0,46.0,68.0,0.0,0.0,1.0,1.0
71,195,17,5.0,True,95.0,True,10331.0,0,0,10331.0,10336.0,0.0,5.0,134.0,0.0,1.0,1.0
72,252,247,3598.0,False,452.0,False,10583.0,1,0,10583.0,11114.0,0.0,531.0,247.0,0.0,1.0,0.0
73,237,148,1.0,True,1.0,True,10820.0,0,0,11115.0,11115.0,295.0,295.0,0.0,0.0,0.0,0.0
74,294,35,3.0,True,62.0,True,11114.0,0,0,11116.0,11119.0,2.0,5.0,0.0,0.0,1.0,1.0
75,44,282,14.0,True,78.0,True,11158.0,0,0,11158.0,11172.0,0.0,14.0,39.0,0.0,1.0,1.0
76,215,30,36.0,True,78.0,True,11373.0,0,0,11373.0,11409.0,0.0,36.0,201.0,0.0,1.0,1.0
77,278,263,62.0,True,106.0,True,11651.0,0,0,11651.0,11713.0,0.0,62.0,242.0,0.0,1.0,1.0
78,66,107,2.0,True,21.0,True,11717.0,0,0,11717.0,11719.0,0.0,2.0,4.0,0.0,1.0,1.0
79,225,21,5.0,True,12.0,True,11942.0,0,0,11942.0,11947.0,0.0,5.0,223.0,0.0,1.0,1.0
80,262,246,4.0,True,25.0,True,12204.0,0,0,12204.0,12208.0,0.0,4.0,257.0,0.0,1.0,1.0
81,252,221,10.0,True,21.0,True,12456.0,0,0,12456.0,12466.0,0.0,10.0,248.0,0.0,1.0,1.0
82,233,89,3598.0,False,836.0,False,12689.0,1,0,12689.0,13024.0,0.0,335.0,223.0,0.0,1.0,0.0
83,122,277,85.0,True,101.0,True,12811.0,0,0,13025.0,13110.0,214.0,299.0,0.0,0.0,1.0,1.0
84,213,161,154.0,True,158.0,True,13024.0,0,1,13111.0,13265.0,87.0,241.0,0.0,0.0,1.0,1.0
85,200,74,1.0,True,10.0,True,13224.0,0,1,13266.0,13267.0,42.0,43.0,0.0,0.0,1.0,1.0
86,122,45,3.0,True,30.0,True,13346.0,0,0,13346.0,13349.0,0.0,3.0,79.0,0.0,1.0,1.0
87,147,215,32.0,True,140.0,True,13493.0,0,0,13493.0,13525.0,0.0,32.0,144.0,0.0,1.0,1.0
88,117,286,3.0,True,30.0,True,13610.0,0,0,13610.0,13613.0,0.0,3.0,85.0,0.0,1.0,1.0
89,201,43,1726.0,True,994.0,True,13811.0,1,0,13811.0,14224.0,0.0,413.0,198.0,0.0,1.0,0.0
90,119,41,1.0,True,1.0,True,13930.0,0,0,14225.0,14225.0,295.0,295.0,0.0,0.0,0.0,0.0
91,294,58,1.0,True,1.0,True,14224.0,0,0,14226.0,14227.0,2.0,3.0,0.0,0.0,1.0,1.0
92,109,196,1.0,True,1.0,True,14333.0,0,0,14333.0,14334.0,0.0,1.0,106.0,0.0,1.0,1.0
93,126,12,1.0,True,1.0,True,14459.0,0,0,14459.0,14460.0,0.0,1.0,125.0,0.0,1.0,1.0
94,103,278,1.0,True,1.0,True,14562.0,0,0,14562.0,14563.0,0.0,1.0,102.0,0.0,1.0,1.0
95,193,147,1.0,True,2.0,True,14755.0,0,0,14755.0,14756.0,0.0,1.0,192.0,0.0,1.0,1.0
96,265,213,1.0,True,58.0,False,15020.0,0,0,15020.0,15021.0,0.0,1.0,264.0,0.0,1.0,1.0
97,147,295,7.0,True,111.0,True,15167.0,0,0,15167.0,15174.0,0.0,7.0,146.0,0.0,1.0,1.0
98,112,197,70.0,True,623.0,False,15279.0,0,0,15279.0,15349.0,0.0,70.0,105.0,0.0,1.0,1.0
99,144,176,1.0,True,2.0,True,15423.0,0,0,15423.0,15424.0,0.0,1.0,74.0,0.0,1.0,1.0
100,33,279,17.0,True,58.0,True,15456.0,0,0,15456.0,15473.0,0.0,17.0,32.0,0.0,1.0,1.0
101,97,280,1.0,True,19.0,True,15553.0,0,0,15553.0,15554.0,0.0,1.0,80.0,0.0,1.0,1.0
102,87,39,1.0,True,1.0,True,15640.0,0,0,15640.0,15641.0,0.0,1.0,86.0,0.0,1.0,1.0
103,70,268,1.0,True,1.0,True,15710.0,0,0,15710.0,15711.0,0.0,1.0,69.0,0.0,1.0,1.0
104,212,235,35.0,True,95.0,True,15922.0,0,0,15922.0,15957.0,0.0,35.0,211.0,0.0,1.0,1.0
105,80,21,24.0,True,5.0,True,16002.0,0,0,16002.0,16026.0,0.0,24.0,45.0,0.0,1.0,1.0
106,99,103,1.0,True,13.0,True,16101.0,0,0,16101.0,16102.0,0.0,1.0,75.0,0.0,1.0,1.0
107,285,50,70.0,True,381.0,True,16386.0,0,0,16386.0,16456.0,0.0,70.0,284.0,0.0,1.0,1.0
108,261,106,3598.0,False,609.0,False,16647.0,1,0,16647.0,17058.0,0.0,411.0,191.0,0.0,1.0,0.0
109,168,147,1.0,True,1.0,True,16815.0,0,0,17059.0,17059.0,244.0,244.0,0.0,0.0,0.0,0.0
110,243,160,31.0,True,413.0,True,17058.0,0,0,17060.0,17091.0,2.0,33.0,0.0,0.0,1.0,1.0
111,132,68,3598.0,False,1932.0,False,17190.0,1,0,17190.0,17566.0,0.0,376.0,99.0,0.0,1.0,0.0
112,87,219,1.0,True,1.0,True,17277.0,0,0,17567.0,17567.0,290.0,290.0,0.0,0.0,0.0,0.0
113,289,284,1.0,True,1.0,True,17566.0,0,0,17568.0,17569.0,2.0,3.0,0.0,0.0,1.0,1.0
114,246,139,1.0,True,1.0,True,17812.0,0,0,17812.0,17813.0,0.0,1.0,243.0,0.0,1.0,1.0
115,270,217,1.0,True,1.0,True,18082.0,0,0,18082.0,18083.0,0.0,1.0,269.0,0.0,1.0,1.0
116,194,116,1.0,True,1.0,True,18276.0,0,0,18276.0,18277.0,0.0,1.0,193.0,0.0,1.0,1.0
117,154,116,3598.0,False,296.0,False,18430.0,1,0,18430.0,18865.0,0.0,435.0,153.0,0.0,1.0,0.0
118,173,203,1.0,True,1.0,True,18603.0,0,0,18866.0,18866.0,263.0,263.0,0.0,0.0,0.0,0.0
119,262,105,1.0,True,3.0,True,18865.0,0,0,18867.0,18868.0,2.0,3.0,0.0,0.0,1.0,1.0
120,127,242,1.0,True,2.0,True,18992.0,0,0,18992.0,18993.0,0.0,1.0,124.0,0.0,1.0,1.0
121,3,86,1.0,True,1.0,True,18995.0,0,0,18995.0,18996.0,0.0,1.0,2.0,0.0,1.0,1.0
122,177,189,7.0,True,67.0,True,19172.0,0,0,19172.0,19179.0,0.0,7.0,176.0,0.0,1.0,1.0
123,6,263,3.0,True,68.0,True,19178.0,0,1,19180.0,19183.0,2.0,5.0,0.0,0.0,1.0,1.0
124,25,121,1493.0,True,289.0,True,19203.0,1,0,19203.0,19710.0,0.0,507.0,20.0,0.0,1.0,0.0
128,84,149,1.0,True,1.0,True,19710.0,0,0,19711.0,19712.0,1.0,2.0,0.0,0.0,1.0,1.0
125,110,117,3598.0,False,2394.0,False,19313.0,0,1,19713.0,19713.0,400.0,400.0,0.0,0.0,0.0,0.0
127,79,63,3598.0,False,1854.0,False,19626.0,0,2,19713.0,19713.0,87.0,87.0,0.0,0.0,0.0,0.0
126,234,244,4.0,True,24.0,True,19547.0,0,1,19713.0,19717.0,166.0,170.0,0.0,0.0,1.0,1.0
129,62,215,1.0,True,1.0,True,19772.0,0,0,19772.0,19773.0,0.0,1.0,55.0,0.0,1.0,1.0
130,239,282,1.0,True,1.0,True,20011.0,0,0,20011.0,20012.0,0.0,1.0,238.0,0.0,1.0,1.0
131,281,166,1.0,True,1.0,True,20292.0,0,0,20292.0,20293.0,0.0,1.0,280.0,0.0,1.0,1.0
132,95,296,52.0,True,134.0,True,20387.0,0,0,20387.0,20439.0,0.0,52.0,94.0,0.0,1.0,1.0
133,269,31,235.0,True,98.0,True,20656.0,0,0,20656.0,20891.0,0.0,235.0,217.0,0.0,1.0,1.0
134,122,260,6.0,True,26.0,True,20778.0,0,1,20892.0,20898.0,114.0,120.0,0.0,0.0,1.0,1.0
135,140,294,2.0,True,7.0,True,20918.0,0,0,20918.0,20920.0,0.0,2.0,20.0,0.0,1.0,1.0
136,229,162,310.0,True,692.0,True,21147.0,0,0,21147.0,21457.0,0.0,310.0,227.0,0.0,1.0,1.0
137,233,289,1.0,True,1.0,True,21380.0,0,2,21458.0,21459.0,78.0,79.0,0.0,0.0,1.0,1.0
138,26,161,2.0,True,9.0,True,21406.0,0,1,21460.0,21462.0,54.0,56.0,0.0,0.0,1.0,1.0
139,97,220,2.0,True,6.0,True,21503.0,0,0,21503.0,21505.0,0.0,2.0,41.0,0.0,1.0,1.0
140,226,50,1017.0,True,636.0,True,21729.0,1,0,21729.0,21885.0,0.0,156.0,224.0,0.0,1.0,0.0
142,63,232,3.0,True,12.0,True,21885.0,0,0,21886.0,21889.0,1.0,4.0,0.0,0.0,1.0,1.0
141,93,79,2577.0,True,72.0,True,21822.0,1,1,21890.0,22203.0,68.0,381.0,0.0,0.0,1.0,0.0
144,119,213,1.0,True,4.0,True,22203.0,0,0,22204.0,22205.0,1.0,2.0,0.0,0.0,1.0,1.0
143,199,101,99.0,True,139.0,True,22084.0,0,1,22206.0,22206.0,122.0,122.0,0.0,0.0,0.0,0.0
145,60,232,132.0,True,80.0,True,22263.0,0,0,22263.0,22395.0,0.0,132.0,58.0,0.0,1.0,1.0
146,243,185,45.0,True,87.0,True,22506.0,0,0,22506.0,22551.0,0.0,45.0,111.0,0.0,1.0,1.0
147,206,31,90.0,True,136.0,True,22712.0,0,0,22712.0,22802.0,0.0,90.0,161.0,0.0,1.0,1.0
148,38,71,3598.0,False,1045.0,False,22750.0,1,1,22803.0,23113.0,53.0,363.0,0.0,0.0,1.0,0.0
149,152,277,1.0,True,58.0,True,22902.0,0,0,23114.0,23115.0,212.0,213.0,0.0,0.0,1.0,1.0
150,211,114,1469.0,True,786.0,False,23113.0,1,1,23116.0,23391.0,3.0,278.0,0.0,0.0,1.0,0.0
153,2,220,244.0,True,8.0,True,23391.0,0,0,23392.0,23636.0,1.0,245.0,0.0,0.0,1.0,1.0
151,182,115,2637.0,True,2168.0,False,23295.0,0,1,23637.0,23637.0,342.0,342.0,0.0,0.0,0.0,0.0
152,94,231,1.0,True,19.0,True,23389.0,0,3,23637.0,23637.0,248.0,248.0,0.0,0.0,0.0,0.0
154,26,233,10.0,True,8.0,True,23417.0,0,2,23637.0,23647.0,220.0,230.0,0.0,0.0,1.0,1.0
155,193,159,2799.0,True,1384.0,True,23610.0,1,1,23648.0,23825.0,38.0,215.0,0.0,0.0,1.0,0.0
156,188,230,2.0,True,22.0,True,23798.0,0,0,23826.0,23828.0,28.0,30.0,0.0,0.0,1.0,1.0
157,27,278,657.0,True,24.0,True,23825.0,0,1,23829.0,24486.0,4.0,661.0,0.0,0.0,1.0,1.0
158,123,166,503.0,True,58.0,True,23948.0,0,2,24487.0,24487.0,539.0,539.0,0.0,0.0,0.0,0.0
159,219,214,3170.0,True,196.0,True,24167.0,0,1,24487.0,24487.0,320.0,320.0,0.0,0.0,0.0,0.0
160,280,141,22.0,True,10.0,True,24447.0,0,1,24487.0,24509.0,40.0,62.0,0.0,0.0,1.0,1.0
161,96,223,3598.0,False,554.0,True,24543.0,1,0,24543.0,24789.0,0.0,246.0,34.0,0.0,1.0,0.0
162,75,58,1.0,True,1.0,True,24618.0,0,0,24790.0,24790.0,172.0,172.0,0.0,0.0,0.0,0.0
163,171,206,8.0,True,7.0,True,24789.0,0,0,24791.0,24799.0,2.0,10.0,0.0,0.0,1.0,1.0
164,63,42,2.0,True,20.0,True,24852.0,0,0,24852.0,24854.0,0.0,2.0,53.0,0.0,1.0,1.0
165,148,154,3373.0,True,81.0,True,25000.0,1,0,25000.0,25300.0,0.0,300.0,146.0,0.0,1.0,0.0
166,50,287,211.0,True,107.0,True,25050.0,0,0,25301.0,25512.0,251.0,462.0,0.0,0.0,1.0,1.0
167,250,135,1582.0,True,400.0,True,25300.0,0,1,25513.0,25513.0,213.0,213.0,0.0,0.0,0.0,0.0
168,180,192,2.0,True,30.0,True,25480.0,0,2,25513.0,25515.0,33.0,35.0,0.0,0.0,1.0,1.0
169,16,128,2518.0,True,40.0,True,25496.0,1,1,25516.0,25713.0,20.0,217.0,0.0,0.0,1.0,0.0
171,99,89,1.0,True,3.0,True,25713.0,0,0,25714.0,25715.0,1.0,2.0,0.0,0.0,1.0,1.0
170,118,151,191.0,True,106.0,True,25614.0,0,1,25716.0,25907.0,102.0,293.0,0.0,0.0,1.0,1.0
172,236,258,25.0,True,9.0,True,25949.0,0,0,25949.0,25974.0,0.0,25.0,42.0,0.0,1.0,1.0
173,274,43,244.0,True,82.0,True,26223.0,0,0,26223.0,26467.0,0.0,244.0,249.0,0.0,1.0,1.0
174,141,237,260.0,True,35.0,True,26364.0,0,1,26468.0,26728.0,104.0,364.0,0.0,0.0,1.0,1.0
175,143,171,43.0,True,12.0,True,26507.0,0,1,26729.0,26729.0,222.0,222.0,0.0,0.0,0.0,0.0
176,257,176,2.0,True,26.0,True,26764.0,0,0,26764.0,26766.0,0.0,2.0,36.0,0.0,1.0,1.0
177,156,285,67.0,True,29.0,True,26920.0,0,0,26920.0,26987.0,0.0,67.0,154.0,0.0,1.0,1.0
178,40,229,987.0,True,63.0,True,26960.0,1,1,26988.0,27238.0,28.0,278.0,0.0,0.0,1.0,0.0
179,132,13,8.0,True,524.0,True,27092.0,0,0,27239.0,27239.0,147.0,147.0,0.0,0.0,0.0,0.0
180,146,49,3098.0,True,587.0,True,27238.0,1,0,27240.0,27458.0,2.0,220.0,0.0,0.0,1.0,0.0
182,45,83,504.0,True,466.0,True,27458.0,0,0,27459.0,27963.0,1.0,505.0,0.0,0.0,1.0,1.0
181,175,199,3598.0,False,1897.0,False,27413.0,0,1,27964.0,27964.0,551.0,551.0,0.0,0.0,0.0,0.0
183,203,148,3598.0,False,1110.0,False,27661.0,0,2,27964.0,27964.0,303.0,303.0,0.0,0.0,0.0,0.0
185,79,220,1.0,True,1.0,True,27845.0,0,2,27964.0,27965.0,119.0,120.0,0.0,0.0,1.0,1.0
184,105,238,1695.0,True,41.0,True,27766.0,1,1,27966.0,28208.0,200.0,442.0,0.0,0.0,1.0,0.0
186,266,219,1.0,True,1.0,True,28111.0,0,0,28209.0,28210.0,98.0,99.0,0.0,0.0,1.0,1.0
187,97,186,1.0,True,1.0,True,28208.0,0,1,28211.0,28212.0,3.0,4.0,0.0,0.0,1.0,1.0
188,126,63,3598.0,False,7.0,True,28334.0,1,0,28334.0,28711.0,0.0,377.0,122.0,0.0,1.0,0.0
190,128,243,47.0,True,172.0,True,28711.0,0,0,28712.0,28759.0,1.0,48.0,0.0,0.0,1.0,1.0
189,249,69,3598.0,False,2042.0,False,28583.0,0,1,28760.0,28760.0,177.0,177.0,0.0,0.0,0.0,0.0
191,244,58,151.0,True,282.0,True,28955.0,0,0,28955.0,29106.0,0.0,151.0,196.0,0.0,1.0,1.0
192,174,186,5.0,True,17.0,True,29129.0,0,0,29129.0,29134.0,0.0,5.0,23.0,0.0,1.0,1.0
193,8,30,5.0,True,37.0,True,29137.0,0,0,29137.0,29142.0,0.0,5.0,3.0,0.0,1.0,1.0
194,78,214,33.0,True,329.0,True,29215.0,0,0,29215.0,29248.0,0.0,33.0,73.0,0.0,1.0,1.0
195,166,4,4.0,True,19.0,True,29381.0,0,0,29381.0,29385.0,0.0,4.0,133.0,0.0,1.0,1.0
196,172,91,1.0,True,9.0,True,29553.0,0,0,29553.0,29554.0,0.0,1.0,168.0,0.0,1.0,1.0
197,262,24,1.0,True,9.0,True,29815.0,0,0,29815.0,29816.0,0.0,1.0,261.0,0.0,1.0,1.0
198,201,233,3598.0,False,190.0,True,30016.0,1,0,30016.0,30291.0,0.0,275.0,200.0,0.0,1.0,0.0
200,108,80,3.0,True,28.0,True,30291.0,0,0,30292.0,30295.0,1.0,4.0,0.0,0.0,1.0,1.0
199,167,118,3598.0,False,240.0,True,30183.0,1,1,30296.0,30743.0,113.0,560.0,0.0,0.0,1.0,0.0
201,226,238,2.0,True,15.0,True,30517.0,0,0,30744.0,30746.0,227.0,229.0,0.0,0.0,1.0,1.0
202,226,3,11.0,True,74.0,True,30743.0,0,1,30747.0,30747.0,4.0,4.0,0.0,0.0,0.0,0.0
203,223,225,12.0,True,91.0,True,30966.0,0,0,30966.0,30978.0,0.0,12.0,220.0,0.0,1.0,1.0
204,62,82,4.0,True,88.0,True,31028.0,0,0,31028.0,31032.0,0.0,4.0,50.0,0.0,1.0,1.0
205,233,20,36.0,True,104.0,True,31261.0,0,0,31261.0,31297.0,0.0,36.0,229.0,0.0,1.0,1.0
206,243,174,3598.0,False,949.0,False,31504.0,1,0,31504.0,31724.0,0.0,220.0,207.0,0.0,1.0,0.0
207,43,132,3598.0,False,502.0,False,31547.0,0,0,31725.0,31725.0,178.0,178.0,0.0,0.0,0.0,0.0
208,177,279,3598.0,False,1286.0,False,31724.0,1,0,31726.0,32163.0,2.0,439.0,0.0,0.0,1.0,0.0
210,150,7,987.0,True,486.0,True,32163.0,0,0,32164.0,33151.0,1.0,988.0,0.0,0.0,1.0,1.0
209,289,266,3598.0,False,1439.0,False,32013.0,0,4,33152.0,33152.0,1139.0,1139.0,0.0,0.0,0.0,0.0
211,210,273,848.0,True,2203.0,False,32373.0,0,1,33152.0,33152.0,779.0,779.0,0.0,0.0,0.0,0.0
212,22,143,3289.0,True,1102.0,False,32395.0,0,6,33152.0,33152.0,757.0,757.0,0.0,0.0,0.0,0.0
213,142,133,3598.0,False,1420.0,False,32537.0,0,5,33152.0,33152.0,615.0,615.0,0.0,0.0,0.0,0.0
214,83,76,3598.0,False,1641.0,False,32620.0,0,2,33152.0,33152.0,532.0,532.0,0.0,0.0,0.0,0.0
215,272,162,2281.0,True,168.0,True,32892.0,0,7,33152.0,33152.0,260.0,260.0,0.0,0.0,0.0,0.0
216,14,62,92.0,True,126.0,True,32906.0,0,8,33152.0,33152.0,246.0,246.0,0.0,0.0,0.0,0.0
217,80,168,3598.0,False,1456.0,False,32986.0,1,1,33152.0,33358.0,166.0,372.0,0.0,0.0,1.0,0.0
218,229,164,3508.0,True,41.0,True,33215.0,1,0,33359.0,33403.0,144.0,188.0,0.0,0.0,1.0,0.0
220,45,107,1.0,True,12.0,True,33403.0,0,0,33404.0,33405.0,1.0,2.0,0.0,0.0,1.0,1.0
219,143,7,253.0,True,151.0,True,33358.0,0,1,33406.0,33406.0,48.0,48.0,0.0,0.0,0.0,0.0
221,54,104,3598.0,False,21.0,True,33457.0,1,0,33457.0,33646.0,0.0,189.0,52.0,0.0,1.0,0.0
222,127,44,10.0,True,11.0,True,33584.0,0,0,33647.0,33647.0,63.0,63.0,0.0,0.0,0.0,0.0
223,62,101,3598.0,False,1607.0,False,33646.0,1,0,33648.0,33790.0,2.0,144.0,0.0,0.0,1.0,0.0
224,45,156,1.0,True,13.0,True,33691.0,0,0,33791.0,33792.0,100.0,101.0,0.0,0.0,1.0,1.0
225,99,20,3598.0,False,1738.0,False,33790.0,1,1,33793.0,33945.0,3.0,155.0,0.0,0.0,1.0,0.0
227,9,263,290.0,True,327.0,True,33945.0,0,0,33946.0,34236.0,1.0,291.0,0.0,0.0,1.0,1.0
226,146,125,3598.0,False,2099.0,False,33936.0,0,1,34237.0,34237.0,301.0,301.0,0.0,0.0,0.0,0.0
228,46,185,1707.0,True,133.0,True,33991.0,0,4,34237.0,34237.0,246.0,246.0,0.0,0.0,0.0,0.0
230,81,32,10.0,True,499.0,True,34087.0,0,3,34237.0,34237.0,150.0,150.0,0.0,0.0,0.0,0.0
229,15,298,3598.0,False,886.0,False,34006.0,1,1,34237.0,34563.0,231.0,557.0,0.0,0.0,1.0,0.0
231,190,18,2.0,True,6.0,True,34277.0,0,0,34564.0,34564.0,287.0,287.0,0.0,0.0,0.0,0.0
232,286,203,3598.0,False,613.0,True,34563.0,1,0,34565.0,34941.0,2.0,378.0,0.0,0.0,1.0,0.0
233,263,203,59.0,True,213.0,True,34826.0,0,0,34942.0,35001.0,116.0,175.0,0.0,0.0,1.0,1.0
234,115,94,3598.0,False,707.0,False,34941.0,1,1,35002.0,35496.0,61.0,555.0,0.0,0.0,1.0,0.0
236,291,299,490.0,True,382.0,True,35496.0,1,0,35497.0,35770.0,1.0,274.0,0.0,0.0,1.0,0.0
238,250,88,18.0,True,52.0,True,35770.0,0,0,35771.0,35789.0,1.0,19.0,0.0,0.0,1.0,1.0
235,264,78,70.0,True,420.0,True,35205.0,0,2,35790.0,35790.0,585.0,585.0,0.0,0.0,0.0,0.0
237,24,265,3598.0,False,1012.0,False,35520.0,0,1,35790.0,35790.0,270.0,270.0,0.0,0.0,0.0,0.0
239,48,77,174.0,True,147.0,True,35818.0,0,0,35818.0,35992.0,0.0,174.0,29.0,0.0,1.0,1.0
240,109,52,72.0,True,191.0,True,35927.0,0,1,35993.0,35993.0,66.0,66.0,0.0,0.0,0.0,0.0
241,72,85,3598.0,False,624.0,False,35999.0,1,0,35999.0,36234.0,0.0,235.0,7.0,0.0,1.0,0.0
242,103,292,2.0,True,26.0,True,36102.0,0,0,36235.0,36237.0,133.0,135.0,0.0,0.0,1.0,1.0
243,132,297,4.0,True,127.0,False,36234.0,0,1,36238.0,36242.0,4.0,8.0,0.0,0.0,1.0,1.0
244,238,292,3598.0,False,636.0,False,36472.0,1,0,36472.0,36929.0,0.0,457.0,230.0,0.0,1.0,0.0
245,219,48,94.0,True,101.0,True,36691.0,0,0,36930.0,36930.0,239.0,239.0,0.0,0.0,0.0,0.0
246,238,237,3598.0,False,610.0,False,36929.0,1,0,36931.0,37074.0,2.0,145.0,0.0,0.0,1.0,0.0
247,31,222,61.0,True,46.0,True,36960.0,0,0,37075.0,37136.0,115.0,176.0,0.0,0.0,1.0,1.0
248,114,185,1767.0,True,230.0,True,37074.0,1,1,37137.0,37958.0,63.0,884.0,0.0,0.0,1.0,0.0
250,230,41,6.0,True,22.0,True,37516.0,0,0,37959.0,37959.0,443.0,443.0,0.0,0.0,0.0,0.0
253,81,234,109.0,True,87.0,True,37958.0,0,0,37960.0,38069.0,2.0,111.0,0.0,0.0,1.0,1.0
249,212,55,3598.0,False,2478.0,False,37286.0,0,4,38070.0,38070.0,784.0,784.0,0.0,0.0,0.0,0.0
251,218,277,3598.0,False,2472.0,False,37734.0,0,5,38070.0,38070.0,336.0,336.0,0.0,0.0,0.0,0.0
252,143,109,3598.0,False,3091.0,False,37877.0,0,3,38070.0,38070.0,193.0,193.0,0.0,0.0,0.0,0.0
254,81,88,3598.0,False,3156.0,False,38039.0,1,2,38070.0,38287.0,31.0,248.0,0.0,0.0,1.0,0.0
256,231,9,187.0,True,59.0,True,38287.0,0,0,38288.0,38475.0,1.0,188.0,0.0,0.0,1.0,1.0
255,17,212,3598.0,False,3259.0,False,38056.0,0,1,38476.0,38476.0,420.0,420.0,0.0,0.0,0.0,0.0
257,133,262,3598.0,False,3105.0,False,38420.0,1,1,38476.0,38839.0,56.0,419.0,0.0,0.0,1.0,0.0
258,183,212,3598.0,False,817.0,True,38603.0,0,0,38840.0,38840.0,237.0,237.0,0.0,0.0,0.0,0.0
259,236,180,3598.0,False,3048.0,False,38839.0,1,0,38841.0,39263.0,2.0,424.0,0.0,0.0,1.0,0.0
261,262,65,1.0,True,1.0,True,39263.0,0,0,39264.0,39265.0,1.0,2.0,0.0,0.0,1.0,1.0
260,162,226,3598.0,False,2945.0,False,39001.0,0,1,39266.0,39266.0,265.0,265.0,0.0,0.0,0.0,0.0
262,108,130,1.0,True,5.0,True,39371.0,0,0,39371.0,39372.0,0.0,1.0,106.0,0.0,1.0,1.0
263,296,53,1.0,True,1.0,True,39667.0,0,0,39667.0,39668.0,0.0,1.0,295.0,0.0,1.0,1.0
264,62,138,25.0,True,59.0,True,39729.0,0,0,39729.0,39754.0,0.0,25.0,61.0,0.0,1.0,1.0
265,89,220,1.0,True,18.0,True,39818.0,0,0,39818.0,39819.0,0.0,1.0,64.0,0.0,1.0,1.0
266,291,86,1.0,True,1.0,True,40109.0,0,0,40109.0,40110.0,0.0,1.0,290.0,0.0,1.0,1.0
267,168,254,40.0,True,68.0,True,40277.0,0,0,40277.0,40317.0,0.0,40.0,167.0,0.0,1.0,1.0
268,84,62,17.0,True,305.0,True,40361.0,0,0,40361.0,40378.0,0.0,17.0,44.0,0.0,1.0,1.0
269,52,259,1.0,True,4.0,True,40413.0,0,0,40413.0,40414.0,0.0,1.0,35.0,0.0,1.0,1.0
270,294,157,3598.0,False,1977.0,True,40707.0,1,0,40707.0,41010.0,0.0,303.0,293.0,0.0,1.0,0.0
271,43,228,3105.0,True,112.0,True,40750.0,0,0,41011.0,41011.0,261.0,261.0,0.0,0.0,0.0,0.0
272,260,272,37.0,True,148.0,True,41010.0,0,0,41012.0,41049.0,2.0,39.0,0.0,0.0,1.0,1.0
273,216,12,3598.0,False,3127.0,False,41226.0,1,0,41226.0,41541.0,0.0,315.0,177.0,0.0,1.0,0.0
274,206,126,118.0,True,70.0,True,41432.0,0,0,41542.0,41660.0,110.0,228.0,0.0,0.0,1.0,1.0
275,109,264,3598.0,False,82.0,True,41541.0,1,1,41661.0,41959.0,120.0,418.0,0.0,0.0,1.0,0.0
276,289,239,420.0,True,182.0,True,41830.0,0,0,41960.0,42380.0,130.0,550.0,0.0,0.0,1.0,1.0
277,129,272,3598.0,False,201.0,True,41959.0,0,4,42381.0,42381.0,422.0,422.0,0.0,0.0,0.0,0.0
278,35,88,156.0,True,317.0,True,41994.0,0,2,42381.0,42381.0,387.0,387.0,0.0,0.0,0.0,0.0
279,65,284,3598.0,False,220.0,True,42059.0,0,3,42381.0,42381.0,322.0,322.0,0.0,0.0,0.0,0.0
280,50,81,3598.0,False,3062.0,False,42109.0,0,1,42381.0,42381.0,272.0,272.0,0.0,0.0,0.0,0.0
281,283,154,3598.0,False,218.0,False,42392.0,1,0,42392.0,42625.0,0.0,233.0,12.0,0.0,1.0,0.0
283,13,59,22.0,True,143.0,True,42625.0,0,0,42626.0,42648.0,1.0,23.0,0.0,0.0,1.0,1.0
282,220,129,39.0,True,204.0,True,42612.0,0,1,42649.0,42688.0,37.0,76.0,0.0,0.0,1.0,1.0
284,275,208,1.0,True,5.0,True,42900.0,0,0,42900.0,42901.0,0.0,1.0,212.0,0.0,1.0,1.0
285,273,237,528.0,True,184.0,True,43173.0,0,0,43173.0,43701.0,0.0,528.0,272.0,0.0,1.0,1.0
286,247,194,3598.0,False,660.0,True,43420.0,0,2,43702.0,43702.0,282.0,282.0,0.0,0.0,0.0,0.0
287,138,18,3598.0,False,2495.0,False,43558.0,0,1,43702.0,43702.0,144.0,144.0,0.0,0.0,0.0,0.0
288,261,73,3598.0,False,987.0,True,43819.0,1,0,43819.0,44300.0,0.0,481.0,118.0,0.0,1.0,0.0
289,202,130,246.0,True,64.0,True,44021.0,0,0,44301.0,44301.0,280.0,280.0,0.0,0.0,0.0,0.0
290,279,101,1459.0,True,1928.0,True,44300.0,1,0,44302.0,44633.0,2.0,333.0,0.0,0.0,1.0,0.0
292,272,146,91.0,True,248.0,True,44633.0,0,0,44634.0,44725.0,1.0,92.0,0.0,0.0,1.0,1.0
291,61,179,128.0,True,272.0,True,44361.0,0,1,44726.0,44726.0,365.0,365.0,0.0,0.0,0.0,0.0
293,248,87,251.0,True,87.0,True,44881.0,0,0,44881.0,45132.0,0.0,251.0,156.0,0.0,1.0,1.0
294,233,292,40.0,True,27.0,True,45114.0,0,1,45133.0,45173.0,19.0,59.0,0.0,0.0,1.0,1.0
295,96,273,1262.0,True,1816.0,True,45210.0,1,0,45210.0,45465.0,0.0,255.0,37.0,0.0,1.0,0.0
298,72,32,48.0,True,43.0,True,45465.0,0,0,45466.0,45514.0,1.0,49.0,0.0,0.0,1.0,1.0
296,74,167,3598.0,False,620.0,False,45284.0,0,2,45515.0,45515.0,231.0,231.0,0.0,0.0,0.0,0.0
297,109,141,3598.0,False,2780.0,False,45393.0,1,1,45515.0,45805.0,122.0,412.0,0.0,0.0,1.0,0.0
299,51,122,2.0,True,3.0,True,45516.0,0,0,45806.0,45806.0,290.0,290.0,0.0,0.0,0.0,0.0
300,289,186,54.0,True,491.0,False,45805.0,0,0,45807.0,45861.0,2.0,56.0,0.0,0.0,1.0,1.0
301,39,242,1459.0,True,298.0,True,45844.0,1,1,45862.0,46212.0,18.0,368.0,0.0,0.0,1.0,0.0
303,115,246,43.0,True,38.0,True,46212.0,0,0,46213.0,46256.0,1.0,44.0,0.0,0.0,1.0,1.0
302,253,6,1368.0,True,1003.0,True,46097.0,0,1,46257.0,46257.0,160.0,160.0,0.0,0.0,0.0,0.0
304,73,88,157.0,True,25.0,True,46285.0,0,0,46285.0,46442.0,0.0,157.0,29.0,0.0,1.0,1.0
305,264,277,3598.0,False,35.0,True,46549.0,1,0,46549.0,46899.0,0.0,350.0,107.0,0.0,1.0,0.0
306,167,243,42.0,True,41.0,True,46716.0,0,0,46900.0,46942.0,184.0,226.0,0.0,0.0,1.0,1.0
307,183,16,305.0,True,59.0,True,46899.0,0,1,46943.0,46943.0,44.0,44.0,0.0,0.0,0.0,0.0
308,249,22,555.0,True,485.0,True,47148.0,0,0,47148.0,47703.0,0.0,555.0,206.0,0.0,1.0,1.0
309,294,8,83.0,True,83.0,True,47442.0,0,2,47704.0,47704.0,262.0,262.0,0.0,0.0,0.0,0.0
310,251,135,3598.0,False,600.0,False,47693.0,1,1,47704.0,48222.0,11.0,529.0,0.0,0.0,1.0,0.0
312,277,112,2.0,True,6.0,True,48222.0,0,0,48223.0,48225.0,1.0,3.0,0.0,0.0,1.0,1.0
311,252,228,3598.0,False,1248.0,False,47945.0,0,1,48226.0,48226.0,281.0,281.0,0.0,0.0,0.0,0.0
313,205,290,3598.0,False,85.0,False,48427.0,1,0,48427.0,48897.0,0.0,470.0,202.0,0.0,1.0,0.0
314,295,215,5.0,True,19.0,True,48722.0,0,0,48898.0,48903.0,176.0,181.0,0.0,0.0,1.0,1.0
315,175,134,6.0,True,21.0,True,48897.0,0,1,48904.0,48910.0,7.0,13.0,0.0,0.0,1.0,1.0
316,43,265,9.0,True,23.0,True,48940.0,0,0,48940.0,48949.0,0.0,9.0,30.0,0.0,1.0,1.0
317,106,271,3598.0,False,480.0,False,49046.0,1,0,49046.0,49227.0,0.0,181.0,97.0,0.0,1.0,0.0
318,97,27,35.0,True,200.0,True,49143.0,0,0,49228.0,49228.0,85.0,85.0,0.0,0.0,0.0,0.0
319,84,21,3598.0,False,1162.0,False,49227.0,1,0,49229.0,49706.0,2.0,479.0,0.0,0.0,1.0,0.0
321,235,25,3598.0,False,385.0,True,49706.0,1,0,49707.0,49751.0,1.0,45.0,0.0,0.0,1.0,0.0
322,45,238,3598.0,False,1322.0,False,49751.0,1,0,49752.0,49793.0,1.0,42.0,0.0,0.0,1.0,0.0
320,244,266,56.0,True,1532.0,False,49471.0,0,0,49794.0,49794.0,323.0,323.0,0.0,0.0,0.0,0.0
323,42,125,3598.0,False,2339.0,False,49793.0,1,0,49795.0,50124.0,2.0,331.0,0.0,0.0,1.0,0.0
324,161,294,54.0,True,117.0,True,49954.0,0,0,50125.0,50179.0,171.0,225.0,0.0,0.0,1.0,1.0
325,170,94,79.0,True,182.0,True,50124.0,0,1,50180.0,50259.0,56.0,135.0,0.0,0.0,1.0,1.0
326,158,292,138.0,True,296.0,True,50282.0,0,0,50282.0,50420.0,0.0,138.0,23.0,0.0,1.0,1.0
327,133,233,16.0,True,60.0,True,50415.0,0,1,50421.0,50437.0,6.0,22.0,0.0,0.0,1.0,1.0
328,119,83,3598.0,False,469.0,True,50534.0,1,0,50534.0,50908.0,0.0,374.0,97.0,0.0,1.0,0.0
329,97,199,40.0,True,114.0,True,50631.0,0,0,50909.0,50909.0,278.0,278.0,0.0,0.0,0.0,0.0
330,277,20,3598.0,False,1021.0,True,50908.0,1,0,50910.0,50981.0,2.0,73.0,0.0,0.0,1.0,0.0
332,22,160,3598.0,False,424.0,True,50981.0,1,0,50982.0,51106.0,1.0,125.0,0.0,0.0,1.0,0.0
333,125,120,42.0,True,209.0,True,51106.0,0,0,51107.0,51149.0,1.0,43.0,0.0,0.0,1.0,1.0
331,51,126,70.0,True,497.0,True,50959.0,0,1,51150.0,51150.0,191.0,191.0,0.0,0.0,0.0,0.0
334,73,150,2643.0,True,1217.0,True,51179.0,1,0,51179.0,51406.0,0.0,227.0,30.0,0.0,1.0,0.0
336,89,231,8.0,True,59.0,True,51406.0,0,0,51407.0,51415.0,1.0,9.0,0.0,0.0,1.0,1.0
335,138,168,3598.0,False,732.0,False,51317.0,1,1,51416.0,51718.0,99.0,401.0,0.0,0.0,1.0,0.0
337,208,78,342.0,True,357.0,True,51614.0,0,0,51719.0,51719.0,105.0,105.0,0.0,0.0,0.0,0.0
338,104,53,3598.0,False,978.0,False,51718.0,1,0,51720.0,51969.0,2.0,251.0,0.0,0.0,1.0,0.0
340,231,249,7.0,True,68.0,True,51969.0,0,0,51970.0,51977.0,1.0,8.0,0.0,0.0,1.0,1.0
339,20,109,35.0,True,180.0,True,51738.0,0,1,51978.0,51978.0,240.0,240.0,0.0,0.0,0.0,0.0
341,206,270,3598.0,False,723.0,True,52175.0,1,0,52175.0,52489.0,0.0,314.0,198.0,0.0,1.0,0.0
343,252,148,850.0,True,426.0,True,52489.0,1,0,52490.0,52502.0,1.0,13.0,0.0,0.0,1.0,0.0
344,13,289,97.0,True,364.0,True,52502.0,0,0,52503.0,52600.0,1.0,98.0,0.0,0.0,1.0,1.0
342,62,103,443.0,True,518.0,True,52237.0,0,2,52601.0,52601.0,364.0,364.0,0.0,0.0,0.0,0.0
346,32,159,60.0,True,315.0,True,52552.0,0,2,52601.0,52661.0,49.0,109.0,0.0,0.0,1.0,1.0
345,18,109,3000.0,True,804.0,True,52520.0,0,1,52662.0,52662.0,142.0,142.0,0.0,0.0,0.0,0.0
347,153,66,2885.0,True,485.0,True,52705.0,1,0,52705.0,52833.0,0.0,128.0,44.0,0.0,1.0,0.0
349,108,250,1564.0,True,249.0,True,52833.0,1,0,52834.0,53063.0,1.0,230.0,0.0,0.0,1.0,0.0
350,230,162,536.0,True,244.0,True,53063.0,0,0,53064.0,53600.0,1.0,537.0,0.0,0.0,1.0,1.0
348,20,48,3598.0,False,1052.0,False,52725.0,0,1,53601.0,53601.0,876.0,876.0,0.0,0.0,0.0,0.0
351,103,102,3598.0,False,626.0,False,53166.0,0,2,53601.0,53601.0,435.0,435.0,0.0,0.0,0.0,0.0
352,247,279,119.0,True,162.0,True,53413.0,0,1,53601.0,53720.0,188.0,307.0,0.0,0.0,1.0,1.0
353,270,238,19.0,True,63.0,True,53683.0,0,1,53721.0,53740.0,38.0,57.0,0.0,0.0,1.0,1.0
354,262,87,111.0,True,153.0,True,53945.0,0,0,53945.0,54056.0,0.0,111.0,205.0,0.0,1.0,1.0
355,195,122,364.0,True,544.0,True,54140.0,0,0,54140.0,54504.0,0.0,364.0,84.0,0.0,1.0,1.0
356,287,69,266.0,True,489.0,True,54427.0,0,1,54505.0,54505.0,78.0,78.0,0.0,0.0,0.0,0.0
357,170,57,91.0,True,458.0,True,54597.0,0,0,54597.0,54688.0,0.0,91.0,93.0,0.0,1.0,1.0
358,50,276,3598.0,False,577.0,False,54647.0,1,1,54689.0,54900.0,42.0,253.0,0.0,0.0,1.0,0.0
359,111,185,60.0,True,216.0,True,54758.0,0,0,54901.0,54961.0,143.0,203.0,0.0,0.0,1.0,1.0
360,142,49,2281.0,True,536.0,True,54900.0,0,1,54962.0,54962.0,62.0,62.0,0.0,0.0,0.0,0.0
361,94,135,477.0,True,341.0,True,54994.0,1,0,54994.0,55176.0,0.0,182.0,33.0,0.0,1.0,0.0
362,39,188,888.0,True,190.0,True,55033.0,1,0,55177.0,55563.0,144.0,530.0,0.0,0.0,1.0,0.0
365,278,253,35.0,True,195.0,True,55563.0,0,0,55564.0,55599.0,1.0,36.0,0.0,0.0,1.0,1.0
363,143,47,345.0,True,231.0,True,55176.0,0,2,55600.0,55600.0,424.0,424.0,0.0,0.0,0.0,0.0
364,109,269,3598.0,False,985.0,False,55285.0,0,1,55600.0,55600.0,315.0,315.0,0.0,0.0,0.0,0.0
366,121,166,613.0,True,288.0,True,55684.0,1,0,55684.0,56034.0,0.0,350.0,85.0,0.0,1.0,0.0
367,113,221,122.0,True,128.0,True,55797.0,0,0,56035.0,56035.0,238.0,238.0,0.0,0.0,0.0,0.0
368,237,7,3598.0,False,243.0,True,56034.0,1,0,56036.0,56448.0,2.0,414.0,0.0,0.0,1.0,0.0
369,123,191,4.0,True,116.0,False,56157.0,0,0,56449.0,56449.0,292.0,292.0,0.0,0.0,0.0,0.0
370,291,138,3598.0,False,211.0,False,56448.0,1,0,56450.0,56842.0,2.0,394.0,0.0,0.0,1.0,0.0
371,160,116,2.0,True,188.0,True,56608.0,0,0,56843.0,56843.0,235.0,235.0,0.0,0.0,0.0,0.0
372,234,50,172.0,True,218.0,True,56842.0,0,0,56844.0,57016.0,2.0,174.0,0.0,0.0,1.0,1.0
373,104,79,3598.0,False,284.0,True,56946.0,1,1,57017.0,57411.0,71.0,465.0,0.0,0.0,1.0,0.0
375,224,128,354.0,True,291.0,True,57411.0,0,0,57412.0,57766.0,1.0,355.0,0.0,0.0,1.0,1.0
374,241,131,3.0,True,333.0,False,57187.0,0,3,57767.0,57767.0,580.0,580.0,0.0,0.0,0.0,0.0
376,215,109,93.0,True,341.0,True,57626.0,0,2,57767.0,57767.0,141.0,141.0,0.0,0.0,0.0,0.0
377,24,201,2.0,True,118.0,True,57650.0,0,2,57767.0,57769.0,117.0,119.0,0.0,0.0,1.0,1.0
378,3,258,8.0,True,388.0,True,57653.0,0,1,57770.0,57778.0,117.0,125.0,0.0,0.0,1.0,1.0
379,268,85,374.0,True,103.0,True,57921.0,0,0,57921.0,58295.0,0.0,374.0,143.0,0.0,1.0,1.0
380,48,106,3598.0,False,717.0,True,57969.0,0,1,58296.0,58296.0,327.0,327.0,0.0,0.0,0.0,0.0
381,37,298,11.0,True,329.0,True,58006.0,0,2,58296.0,58307.0,290.0,301.0,0.0,0.0,1.0,1.0
382,172,218,3598.0,False,551.0,False,58178.0,1,1,58308.0,58724.0,130.0,546.0,0.0,0.0,1.0,0.0
384,256,63,1941.0,True,529.0,True,58724.0,1,0,58725.0,58761.0,1.0,37.0,0.0,0.0,1.0,0.0
385,37,229,3598.0,False,222.0,True,58761.0,1,0,58762.0,59021.0,1.0,260.0,0.0,0.0,1.0,0.0
383,290,107,1812.0,True,591.0,True,58468.0,0,0,59022.0,59022.0,554.0,554.0,0.0,0.0,0.0,0.0
386,260,236,7.0,True,890.0,False,59021.0,0,0,59023.0,59030.0,2.0,9.0,0.0,0.0,1.0,1.0
387,29,223,14.0,True,128.0,True,59050.0,0,0,59050.0,59064.0,0.0,14.0,20.0,0.0,1.0,1.0
388,186,265,48.0,True,326.0,True,59236.0,0,0,59236.0,59284.0,0.0,48.0,172.0,0.0,1.0,1.0
389,290,70,2450.0,True,333.0,True,59526.0,1,0,59526.0,59725.0,0.0,199.0,242.0,0.0,1.0,0.0
391,180,191,470.0,True,47.0,True,59725.0,0,0,59726.0,60196.0,1.0,471.0,0.0,0.0,1.0,1.0
390,19,203,8.0,True,421.0,True,59545.0,0,2,60197.0,60197.0,652.0,652.0,0.0,0.0,0.0,0.0
392,14,82,3598.0,False,869.0,True,59739.0,0,1,60197.0,60197.0,458.0,458.0,0.0,0.0,0.0,0.0
393,251,204,10.0,True,243.0,True,59990.0,0,3,60197.0,60197.0,207.0,207.0,0.0,0.0,0.0,0.0
394,25,229,4.0,True,129.0,True,60015.0,0,1,60197.0,60201.0,182.0,186.0,0.0,0.0,1.0,1.0
395,184,33,161.0,True,200.0,True,60199.0,0,1,60202.0,60363.0,3.0,164.0,0.0,0.0,1.0,1.0
396,240,287,9.0,True,21.0,True,60439.0,0,0,60439.0,60448.0,0.0,9.0,76.0,0.0,1.0,1.0
397,203,142,3598.0,False,196.0,True,60642.0,1,0,60642.0,60858.0,0.0,216.0,194.0,0.0,1.0,0.0
398,53,102,19.0,True,131.0,True,60695.0,0,0,60859.0,60859.0,164.0,164.0,0.0,0.0,0.0,0.0
399,163,119,15.0,True,174.0,True,60858.0,0,0,60860.0,60875.0,2.0,17.0,0.0,0.0,1.0,1.0
400,41,70,23.0,True,246.0,True,60899.0,0,0,60899.0,60922.0,0.0,23.0,24.0,0.0,1.0,1.0
401,85,106,1754.0,True,212.0,True,60984.0,1,0,60984.0,61504.0,0.0,520.0,62.0,0.0,1.0,0.0
407,14,26,506.0,True,100.0,True,61504.0,0,0,61505.0,62011.0,1.0,507.0,0.0,0.0,1.0,1.0
402,75,135,3598.0,False,2291.0,False,61059.0,0,4,62012.0,62012.0,953.0,953.0,0.0,0.0,0.0,0.0
403,102,128,3598.0,False,2214.0,False,61161.0,0,5,62012.0,62012.0,851.0,851.0,0.0,0.0,0.0,0.0
404,10,231,3598.0,False,2313.0,False,61171.0,0,3,62012.0,62012.0,841.0,841.0,0.0,0.0,0.0,0.0
405,35,8,840.0,True,199.0,True,61206.0,0,7,62012.0,62012.0,806.0,806.0,0.0,0.0,0.0,0.0
406,284,134,3598.0,False,2438.0,False,61490.0,0,2,62012.0,62012.0,522.0,522.0,0.0,0.0,0.0,0.0
408,206,8,3598.0,False,2885.0,False,61710.0,0,1,62012.0,62012.0,302.0,302.0,0.0,0.0,0.0,0.0
409,177,164,3598.0,False,2168.0,False,61887.0,1,1,62012.0,62347.0,125.0,460.0,0.0,0.0,1.0,0.0
410,232,191,596.0,True,377.0,True,62119.0,0,0,62348.0,62348.0,229.0,229.0,0.0,0.0,0.0,0.0
411,228,55,3598.0,False,2394.0,False,62347.0,1,0,62349.0,62539.0,2.0,192.0,0.0,0.0,1.0,0.0
412,71,44,3598.0,False,2209.0,False,62418.0,0,0,62540.0,62540.0,122.0,122.0,0.0,0.0,0.0,0.0
413,121,32,3598.0,False,2613.0,False,62539.0,1,0,62541.0,62835.0,2.0,296.0,0.0,0.0,1.0,0.0
415,210,261,3598.0,False,2219.0,False,62835.0,1,0,62836.0,62907.0,1.0,72.0,0.0,0.0,1.0,0.0
414,86,143,3598.0,False,3034.0,False,62625.0,0,0,62908.0,62908.0,283.0,283.0,0.0,0.0,0.0,0.0
416,72,17,3598.0,False,3251.0,False,62907.0,1,0,62909.0,63170.0,2.0,263.0,0.0,0.0,1.0,0.0
417,50,215,3598.0,False,1005.0,False,62957.0,1,0,63171.0,63447.0,214.0,490.0,0.0,0.0,1.0,0.0
419,277,212,123.0,True,871.0,True,63447.0,0,0,63448.0,63571.0,1.0,124.0,0.0,0.0,1.0,1.0
418,213,156,3598.0,False,2637.0,False,63170.0,0,1,63572.0,63572.0,402.0,402.0,0.0,0.0,0.0,0.0
420,177,271,3598.0,False,1959.0,False,63624.0,1,0,63624.0,64016.0,0.0,392.0,53.0,0.0,1.0,0.0
422,209,203,3598.0,False,2755.0,False,64016.0,1,0,64017.0,64112.0,1.0,96.0,0.0,0.0,1.0,0.0
423,96,255,3598.0,False,124.0,True,64112.0,1,0,64113.0,64307.0,1.0,195.0,0.0,0.0,1.0,0.0
421,183,31,3598.0,False,2819.0,False,63807.0,0,0,64308.0,64308.0,501.0,501.0,0.0,0.0,0.0,0.0
424,195,96,3598.0,False,2979.0,False,64307.0,1,0,64309.0,64664.0,2.0,357.0,0.0,0.0,1.0,0.0
425,265,200,3598.0,False,2129.0,False,64572.0,1,0,64665.0,64813.0,93.0,241.0,0.0,0.0,1.0,0.0
426,92,16,3598.0,False,2547.0,False,64664.0,0,0,64814.0,64814.0,150.0,150.0,0.0,0.0,0.0,0.0
427,149,294,3598.0,False,2704.0,False,64813.0,1,0,64815.0,64936.0,2.0,123.0,0.0,0.0,1.0,0.0
428,70,191,3598.0,False,2793.0,False,64883.0,1,0,64937.0,65174.0,54.0,291.0,0.0,0.0,1.0,0.0
429,53,232,3598.0,False,3091.0,False,64936.0,0,0,65175.0,65175.0,239.0,239.0,0.0,0.0,0.0,0.0
430,238,42,3598.0,False,3266.0,False,65174.0,1,0,65176.0,65916.0,2.0,742.0,0.0,0.0,1.0,0.0
431,243,134,297.0,True,27.0,True,65417.0,0,0,65917.0,65917.0,500.0,500.0,0.0,0.0,0.0,0.0
434,176,114,3598.0,False,1791.0,False,65916.0,1,0,65918.0,66192.0,2.0,276.0,0.0,0.0,1.0,0.0
435,276,171,3598.0,False,2276.0,False,66192.0,1,0,66193.0,66290.0,1.0,98.0,0.0,0.0,1.0,0.0
436,98,128,3598.0,False,1987.0,False,66290.0,1,0,66291.0,66380.0,1.0,90.0,0.0,0.0,1.0,0.0
437,90,100,3598.0,False,2607.0,False,66380.0,1,0,66381.0,66598.0,1.0,218.0,0.0,0.0,1.0,0.0
438,218,88,3007.0,True,691.0,True,66598.0,1,0,66599.0,66682.0,1.0,84.0,0.0,0.0,1.0,0.0
439,84,164,52.0,True,201.0,True,66682.0,0,0,66683.0,66735.0,1.0,53.0,0.0,0.0,1.0,1.0
432,142,141,3598.0,False,3199.0,False,65559.0,0,2,66736.0,66736.0,1177.0,1177.0,0.0,0.0,0.0,0.0
433,181,263,3598.0,False,3251.0,False,65740.0,0,1,66736.0,66736.0,996.0,996.0,0.0,0.0,0.0,0.0
440,117,8,173.0,True,398.0,True,66799.0,0,0,66799.0,66972.0,0.0,173.0,64.0,0.0,1.0,1.0
441,103,257,3598.0,False,1128.0,False,66902.0,1,1,66973.0,67351.0,71.0,449.0,0.0,0.0,1.0,0.0
443,296,130,3598.0,False,390.0,False,67351.0,1,0,67352.0,67594.0,1.0,243.0,0.0,0.0,1.0,0.0
444,243,152,3412.0,True,262.0,False,67594.0,1,0,67595.0,67866.0,1.0,272.0,0.0,0.0,1.0,0.0
442,153,259,3598.0,False,550.0,False,67055.0,0,0,67867.0,67867.0,812.0,812.0,0.0,0.0,0.0,0.0
445,272,98,3598.0,False,1074.0,False,67866.0,1,0,67868.0,68213.0,2.0,347.0,0.0,0.0,1.0,0.0
446,153,169,3598.0,False,666.0,False,68019.0,0,0,68214.0,68214.0,195.0,195.0,0.0,0.0,0.0,0.0
447,194,254,3598.0,False,779.0,False,68213.0,1,0,68215.0,68396.0,2.0,183.0,0.0,0.0,1.0,0.0
448,119,235,2265.0,True,675.0,False,68332.0,1,0,68397.0,68409.0,65.0,77.0,0.0,0.0,1.0,0.0
450,13,209,3598.0,False,813.0,False,68409.0,1,0,68410.0,68587.0,1.0,178.0,0.0,0.0,1.0,0.0
451,178,21,3598.0,False,427.0,False,68587.0,1,0,68588.0,68657.0,1.0,70.0,0.0,0.0,1.0,0.0
452,70,15,185.0,True,123.0,True,68657.0,0,0,68658.0,68843.0,1.0,186.0,0.0,0.0,1.0,1.0
449,64,148,3598.0,False,1304.0,False,68396.0,0,1,68844.0,68844.0,448.0,448.0,0.0,0.0,0.0,0.0
453,292,87,3.0,True,8.0,True,68949.0,0,0,68949.0,68952.0,0.0,3.0,106.0,0.0,1.0,1.0
454,296,189,3598.0,False,3091.0,False,69245.0,1,0,69245.0,69514.0,0.0,269.0,293.0,0.0,1.0,0.0
456,90,17,3598.0,False,2313.0,False,69514.0,1,0,69515.0,69581.0,1.0,67.0,0.0,0.0,1.0,0.0
457,67,278,3598.0,False,2085.0,False,69581.0,1,0,69582.0,69739.0,1.0,158.0,0.0,0.0,1.0,0.0
458,158,178,3598.0,False,2780.0,False,69739.0,1,0,69740.0,69755.0,1.0,16.0,0.0,0.0,1.0,0.0
459,16,63,29.0,True,204.0,True,69755.0,0,0,69756.0,69785.0,1.0,30.0,0.0,0.0,1.0,1.0
455,179,178,3598.0,False,2865.0,False,69424.0,0,1,69786.0,69786.0,362.0,362.0,0.0,0.0,0.0,0.0
460,260,245,23.0,True,133.0,True,70015.0,0,0,70015.0,70038.0,0.0,23.0,230.0,0.0,1.0,1.0
461,38,208,23.0,True,20.0,True,70053.0,0,0,70053.0,70076.0,0.0,23.0,15.0,0.0,1.0,1.0
462,95,202,2033.0,True,178.0,True,70148.0,1,0,70148.0,70717.0,0.0,569.0,72.0,0.0,1.0,0.0
468,6,17,3598.0,False,98.0,True,70717.0,1,0,70718.0,70828.0,1.0,111.0,0.0,0.0,1.0,0.0
465,52,9,2832.0,True,274.0,False,70390.0,0,0,70829.0,70829.0,439.0,439.0,0.0,0.0,0.0,0.0
469,111,62,16.0,True,702.0,False,70828.0,0,0,70830.0,70846.0,2.0,18.0,0.0,0.0,1.0,1.0
463,164,272,3598.0,False,2583.0,False,70312.0,0,1,70847.0,70847.0,535.0,535.0,0.0,0.0,0.0,0.0
464,26,214,3598.0,False,2239.0,False,70338.0,0,3,70847.0,70847.0,509.0,509.0,0.0,0.0,0.0,0.0
466,166,203,3598.0,False,2361.0,False,70556.0,0,2,70847.0,70847.0,291.0,291.0,0.0,0.0,0.0,0.0
467,155,135,3598.0,False,2224.0,False,70711.0,0,4,70847.0,70847.0,136.0,136.0,0.0,0.0,0.0,0.0
470,254,165,1982.0,True,1991.0,True,71082.0,1,0,71082.0,71296.0,0.0,214.0,236.0,0.0,1.0,0.0
471,176,43,36.0,True,53.0,True,71258.0,0,0,71297.0,71333.0,39.0,75.0,0.0,0.0,1.0,1.0
472,38,213,34.0,True,128.0,True,71296.0,0,1,71334.0,71368.0,38.0,72.0,0.0,0.0,1.0,1.0
473,49,294,3156.0,True,469.0,False,71345.0,1,1,71369.0,71717.0,24.0,372.0,0.0,0.0,1.0,0.0
474,192,124,129.0,True,224.0,True,71537.0,0,0,71718.0,71718.0,181.0,181.0,0.0,0.0,0.0,0.0
475,180,187,3598.0,False,2559.0,False,71717.0,1,0,71719.0,72066.0,2.0,349.0,0.0,0.0,1.0,0.0
477,51,207,23.0,True,115.0,True,72066.0,0,0,72067.0,72090.0,1.0,24.0,0.0,0.0,1.0,1.0
476,298,14,3598.0,False,677.0,False,72015.0,0,1,72091.0,72091.0,76.0,76.0,0.0,0.0,0.0,0.0
478,248,35,3598.0,False,945.0,False,72314.0,1,0,72314.0,72467.0,0.0,153.0,224.0,0.0,1.0,0.0
480,45,120,12.0,True,87.0,True,72467.0,0,0,72468.0,72480.0,1.0,13.0,0.0,0.0,1.0,1.0
479,108,106,136.0,True,163.0,True,72422.0,0,1,72481.0,72617.0,59.0,195.0,0.0,0.0,1.0,1.0
482,117,85,2878.0,True,1722.0,True,72606.0,1,2,72618.0,72655.0,12.0,49.0,0.0,0.0,1.0,0.0
483,49,285,2667.0,True,1615.0,False,72655.0,1,0,72656.0,72781.0,1.0,126.0,0.0,0.0,1.0,0.0
484,126,167,173.0,True,168.0,True,72781.0,0,0,72782.0,72955.0,1.0,174.0,0.0,0.0,1.0,1.0
481,22,253,3598.0,False,2329.0,False,72489.0,0,1,72956.0,72956.0,467.0,467.0,0.0,0.0,0.0,0.0
485,121,108,563.0,True,133.0,True,72902.0,0,1,72956.0,73519.0,54.0,617.0,0.0,0.0,1.0,1.0
486,122,113,174.0,True,150.0,True,73024.0,0,4,73520.0,73520.0,496.0,496.0,0.0,0.0,0.0,0.0
487,114,256,212.0,True,360.0,True,73138.0,0,2,73520.0,73520.0,382.0,382.0,0.0,0.0,0.0,0.0
488,86,37,365.0,True,396.0,True,73224.0,0,1,73520.0,73520.0,296.0,296.0,0.0,0.0,0.0,0.0
489,277,242,245.0,True,338.0,True,73501.0,0,1,73520.0,73765.0,19.0,264.0,0.0,0.0,1.0,1.0
490,122,90,191.0,True,359.0,True,73623.0,0,1,73766.0,73766.0,143.0,143.0,0.0,0.0,0.0,0.0
491,23,200,189.0,True,346.0,True,73646.0,0,1,73766.0,73955.0,120.0,309.0,0.0,0.0,1.0,1.0
492,214,148,1884.0,True,364.0,True,73860.0,1,1,73956.0,74135.0,96.0,275.0,0.0,0.0,1.0,0.0
494,140,137,429.0,True,290.0,True,74135.0,0,0,74136.0,74565.0,1.0,430.0,0.0,0.0,1.0,1.0
493,135,283,211.0,True,317.0,True,73995.0,0,2,74566.0,74566.0,571.0,571.0,0.0,0.0,0.0,0.0
495,215,26,595.0,True,357.0,True,74350.0,0,1,74566.0,74566.0,216.0,216.0,0.0,0.0,0.0,0.0
496,207,87,3598.0,False,98.0,True,74557.0,1,1,74566.0,74892.0,9.0,335.0,0.0,0.0,1.0,0.0
498,290,270,26.0,True,202.0,True,74892.0,0,0,74893.0,74919.0,1.0,27.0,0.0,0.0,1.0,1.0
497,45,278,307.0,True,326.0,True,74602.0,0,3,74920.0,74920.0,318.0,318.0,0.0,0.0,0.0,0.0
500,23,54,208.0,True,326.0,True,74917.0,0,2,74920.0,75128.0,3.0,211.0,0.0,0.0,1.0,1.0
499,2,110,188.0,True,332.0,True,74894.0,0,2,75129.0,75129.0,235.0,235.0,0.0,0.0,0.0,0.0
501,21,263,206.0,True,373.0,True,74938.0,0,1,75129.0,75335.0,191.0,397.0,0.0,0.0,1.0,1.0
502,219,246,3598.0,False,463.0,True,75157.0,1,1,75336.0,75689.0,179.0,532.0,0.0,0.0,1.0,0.0
503,288,108,305.0,True,197.0,True,75445.0,0,0,75690.0,75690.0,245.0,245.0,0.0,0.0,0.0,0.0
504,244,133,223.0,True,364.0,True,75689.0,0,0,75691.0,75914.0,2.0,225.0,0.0,0.0,1.0,1.0
505,158,72,649.0,True,323.0,True,75847.0,1,1,75915.0,76331.0,68.0,484.0,0.0,0.0,1.0,0.0
507,273,8,509.0,True,180.0,True,76331.0,0,0,76332.0,76841.0,1.0,510.0,0.0,0.0,1.0,1.0
506,211,38,223.0,True,323.0,True,76058.0,0,2,76842.0,76842.0,784.0,784.0,0.0,0.0,0.0,0.0
508,44,136,3598.0,False,842.0,False,76375.0,0,1,76842.0,76842.0,467.0,467.0,0.0,0.0,0.0,0.0
511,58,52,133.0,True,41.0,True,76813.0,0,3,76842.0,76975.0,29.0,162.0,0.0,0.0,1.0,1.0
509,232,297,3281.0,True,249.0,True,76607.0,0,1,76976.0,76976.0,369.0,369.0,0.0,0.0,0.0,0.0
512,65,259,20.0,True,29.0,True,76878.0,0,2,76976.0,76996.0,98.0,118.0,0.0,0.0,1.0,1.0
510,148,294,3598.0,False,89.0,True,76755.0,1,1,76997.0,77288.0,242.0,533.0,0.0,0.0,1.0,0.0
513,140,19,70.0,True,619.0,False,77018.0,0,0,77289.0,77289.0,271.0,271.0,0.0,0.0,0.0,0.0
514,270,169,3598.0,False,1328.0,False,77288.0,1,0,77290.0,77773.0,2.0,485.0,0.0,0.0,1.0,0.0
515,235,45,636.0,True,210.0,True,77523.0,0,0,77774.0,77774.0,251.0,251.0,0.0,0.0,0.0,0.0
516,250,218,3598.0,False,423.0,True,77773.0,1,0,77775.0,77981.0,2.0,208.0,0.0,0.0,1.0,0.0
518,33,114,1535.0,True,465.0,True,77981.0,1,0,77982.0,78191.0,1.0,210.0,0.0,0.0,1.0,0.0
519,202,106,36.0,True,74.0,True,78183.0,0,0,78192.0,78228.0,9.0,45.0,0.0,0.0,1.0,1.0
517,175,104,3598.0,False,2173.0,False,77948.0,0,1,78229.0,78229.0,281.0,281.0,0.0,0.0,0.0,0.0
520,8,185,62.0,True,92.0,True,78191.0,0,1,78229.0,78291.0,38.0,100.0,0.0,0.0,1.0,1.0
521,142,144,3598.0,False,209.0,True,78333.0,1,0,78333.0,78806.0,0.0,473.0,42.0,0.0,1.0,0.0
522,177,101,5.0,True,429.0,True,78510.0,0,0,78807.0,78807.0,297.0,297.0,0.0,0.0,0.0,0.0
523,296,269,3598.0,False,1641.0,False,78806.0,1,0,78808.0,79341.0,2.0,535.0,0.0,0.0,1.0,0.0
525,244,220,689.0,True,388.0,True,79341.0,0,0,79342.0,80031.0,1.0,690.0,0.0,0.0,1.0,1.0
524,291,48,3598.0,False,2214.0,False,79097.0,0,1,80032.0,80032.0,935.0,935.0,0.0,0.0,0.0,0.0
526,170,188,3598.0,False,1248.0,False,79511.0,0,2,80032.0,80032.0,521.0,521.0,0.0,0.0,0.0,0.0
527,62,274,3598.0,False,525.0,False,79573.0,0,4,80032.0,80032.0,459.0,459.0,0.0,0.0,0.0,0.0
528,144,158,3598.0,False,838.0,False,79717.0,0,3,80032.0,80032.0,315.0,315.0,0.0,0.0,0.0,0.0
529,234,168,3598.0,False,415.0,True,79951.0,1,1,80032.0,80231.0,81.0,280.0,0.0,0.0,1.0,0.0
530,241,297,613.0,True,37.0,True,80192.0,1,0,80232.0,80478.0,40.0,286.0,0.0,0.0,1.0,0.0
531,39,56,3598.0,False,98.0,True,80231.0,0,0,80479.0,80479.0,248.0,248.0,0.0,0.0,0.0,0.0
532,247,17,40.0,True,109.0,True,80478.0,0,0,80480.0,80520.0,2.0,42.0,0.0,0.0,1.0,1.0
533,246,234,395.0,True,8.0,True,80724.0,0,0,80724.0,81119.0,0.0,395.0,204.0,0.0,1.0,1.0
534,224,44,3598.0,False,180.0,True,80948.0,0,1,81120.0,81120.0,172.0,172.0,0.0,0.0,0.0,0.0
535,130,281,65.0,True,53.0,True,81078.0,0,1,81120.0,81185.0,42.0,107.0,0.0,0.0,1.0,1.0
536,220,183,143.0,True,200.0,True,81298.0,0,0,81298.0,81441.0,0.0,143.0,113.0,0.0,1.0,1.0
537,213,16,3598.0,False,1652.0,False,81511.0,1,0,81511.0,81761.0,0.0,250.0,70.0,0.0,1.0,0.0
538,9,107,43.0,True,48.0,True,81520.0,0,0,81762.0,81762.0,242.0,242.0,0.0,0.0,0.0,0.0
539,241,269,69.0,True,73.0,True,81761.0,0,0,81763.0,81832.0,2.0,71.0,0.0,0.0,1.0,1.0
540,276,236,42.0,True,39.0,True,82037.0,0,0,82037.0,82079.0,0.0,42.0,205.0,0.0,1.0,1.0
541,258,27,276.0,True,91.0,True,82295.0,0,0,82295.0,82571.0,0.0,276.0,216.0,0.0,1.0,1.0
542,14,102,230.0,True,148.0,True,82309.0,0,2,82572.0,82572.0,263.0,263.0,0.0,0.0,0.0,0.0
543,94,181,3598.0,False,304.0,True,82403.0,1,1,82572.0,82645.0,169.0,242.0,0.0,0.0,1.0,0.0
544,216,163,47.0,True,107.0,True,82619.0,0,0,82646.0,82693.0,27.0,74.0,0.0,0.0,1.0,1.0
545,26,30,1525.0,True,355.0,True,82645.0,0,1,82694.0,82694.0,49.0,49.0,0.0,0.0,0.0,0.0
546,201,159,3598.0,False,973.0,False,82846.0,1,0,82846.0,82924.0,0.0,78.0,153.0,0.0,1.0,0.0
547,43,157,3598.0,False,311.0,True,82889.0,1,0,82925.0,82987.0,36.0,98.0,0.0,0.0,1.0,0.0
549,63,219,8.0,True,45.0,True,82987.0,0,0,82988.0,82996.0,1.0,9.0,0.0,0.0,1.0,1.0
548,35,26,3598.0,False,1036.0,False,82924.0,0,1,82997.0,82997.0,73.0,73.0,0.0,0.0,0.0,0.0
550,129,229,21.0,True,52.0,True,83116.0,0,0,83116.0,83137.0,0.0,21.0,120.0,0.0,1.0,1.0
551,47,28,42.0,True,700.0,False,83163.0,0,0,83163.0,83205.0,0.0,42.0,26.0,0.0,1.0,1.0
552,101,183,372.0,True,27.0,True,83264.0,0,0,83264.0,83636.0,0.0,372.0,59.0,0.0,1.0,1.0
553,13,74,2188.0,True,15.0,True,83277.0,0,3,83637.0,83637.0,360.0,360.0,0.0,0.0,0.0,0.0
554,126,209,128.0,True,1750.0,False,83403.0,0,1,83637.0,83637.0,234.0,234.0,0.0,0.0,0.0,0.0
555,23,245,3598.0,False,718.0,False,83426.0,1,1,83637.0,83821.0,211.0,395.0,0.0,0.0,1.0,0.0
557,121,263,34.0,True,35.0,True,83821.0,0,0,83822.0,83856.0,1.0,35.0,0.0,0.0,1.0,1.0
556,274,283,1322.0,True,585.0,True,83700.0,1,1,83857.0,84272.0,157.0,572.0,0.0,0.0,1.0,0.0
559,121,274,42.0,True,59.0,True,84145.0,0,0,84273.0,84315.0,128.0,170.0,0.0,0.0,1.0,1.0
558,203,103,3598.0,False,1750.0,False,84024.0,0,1,84316.0,84316.0,292.0,292.0,0.0,0.0,0.0,0.0
560,127,227,323.0,True,60.0,True,84272.0,0,1,84316.0,84639.0,44.0,367.0,0.0,0.0,1.0,1.0
561,220,103,3598.0,False,232.0,False,84492.0,0,1,84640.0,84640.0,148.0,148.0,0.0,0.0,0.0,0.0
562,115,229,2.0,True,26.0,True,84607.0,0,1,84640.0,84642.0,33.0,35.0,0.0,0.0,1.0,1.0
563,80,115,70.0,True,173.0,True,84687.0,0,0,84687.0,84757.0,0.0,70.0,45.0,0.0,1.0,1.0
564,273,189,3598.0,False,395.0,False,84960.0,1,0,84960.0,85165.0,0.0,205.0,203.0,0.0,1.0,0.0
566,173,44,334.0,True,218.0,True,85165.0,0,0,85166.0,85500.0,1.0,335.0,0.0,0.0,1.0,1.0
565,32,56,30.0,True,323.0,True,84992.0,0,1,85501.0,85501.0,509.0,509.0,0.0,0.0,0.0,0.0
567,291,218,844.0,True,229.0,True,85456.0,0,1,85501.0,86345.0,45.0,889.0,0.0,0.0,1.0,1.0
568,236,257,3598.0,False,143.0,True,85692.0,0,7,86346.0,86346.0,654.0,654.0,0.0,0.0,0.0,0.0
569,293,223,3598.0,False,1919.0,False,85985.0,0,1,86346.0,86346.0,361.0,361.0,0.0,0.0,0.0,0.0
570,2,151,1017.0,True,486.0,True,85987.0,0,2,86346.0,86346.0,359.0,359.0,0.0,0.0,0.0,0.0
571,7,203,825.0,True,235.0,True,85994.0,0,4,86346.0,86346.0,352.0,352.0,0.0,0.0,0.0,0.0
572,177,21,3598.0,False,273.0,True,86171.0,0,3,86346.0,86346.0,175.0,175.0,0.0,0.0,0.0,0.0
574,104,258,3598.0,False,42.0,True,86287.0,1,3,86346.0,86539.0,59.0,252.0,0.0,0.0,1.0,0.0
575,19,41,480.0,True,156.0,True,86306.0,0,0,86540.0,86540.0,234.0,234.0,0.0,0.0,0.0,0.0
573,12,243,168.0,True,173.0,True,86183.0,0,0,86541.0,86541.0,358.0,358.0,0.0,0.0,0.0,0.0
576,233,107,3598.0,False,506.0,True,86539.0,1,0,86542.0,86848.0,3.0,309.0,0.0,0.0,1.0,0.0
578,166,298,3598.0,False,117.0,True,86848.0,1,0,86849.0,87141.0,1.0,293.0,0.0,0.0,1.0,0.0
577,143,262,32.0,True,125.0,True,86682.0,0,0,87142.0,87142.0,460.0,460.0,0.0,0.0,0.0,0.0
579,293,259,60.0,True,233.0,True,87141.0,0,0,87143.0,87203.0,2.0,62.0,0.0,0.0,1.0,1.0
580,113,86,3598.0,False,161.0,True,87254.0,1,0,87254.0,87840.0,0.0,586.0,51.0,0.0,1.0,0.0
581,292,85,143.0,True,228.0,True,87546.0,0,0,87841.0,87841.0,295.0,295.0,0.0,0.0,0.0,0.0
582,294,207,3598.0,False,346.0,True,87840.0,1,0,87842.0,87997.0,2.0,157.0,0.0,0.0,1.0,0.0
583,22,162,1089.0,True,60.0,True,87862.0,1,0,87998.0,88293.0,136.0,431.0,0.0,0.0,1.0,0.0
584,135,264,1553.0,True,64.0,True,87997.0,0,0,88294.0,88294.0,297.0,297.0,0.0,0.0,0.0,0.0
585,296,5,3598.0,False,664.0,False,88293.0,1,0,88295.0,88582.0,2.0,289.0,0.0,0.0,1.0,0.0
587,121,47,505.0,True,116.0,True,88582.0,1,0,88583.0,88688.0,1.0,106.0,0.0,0.0,1.0,0.0
588,106,51,3598.0,False,182.0,True,88688.0,1,0,88689.0,88805.0,1.0,117.0,0.0,0.0,1.0,0.0
589,117,121,139.0,True,177.0,True,88805.0,0,0,88806.0,88945.0,1.0,140.0,0.0,0.0,1.0,1.0
586,168,152,3412.0,True,231.0,True,88461.0,0,2,88946.0,88946.0,485.0,485.0,0.0,0.0,0.0,0.0
593,32,238,204.0,True,116.0,True,88945.0,0,4,88946.0,89150.0,1.0,205.0,0.0,0.0,1.0,1.0
590,13,240,415.0,True,327.0,True,88818.0,0,1,89151.0,89151.0,333.0,333.0,0.0,0.0,0.0,0.0
591,28,290,702.0,True,188.0,True,88846.0,0,2,89151.0,89151.0,305.0,305.0,0.0,0.0,0.0,0.0
592,67,297,3598.0,False,146.0,True,88913.0,1,1,89151.0,89491.0,238.0,578.0,0.0,0.0,1.0,0.0
595,260,26,50.0,True,131.0,True,89491.0,0,0,89492.0,89542.0,1.0,51.0,0.0,0.0,1.0,1.0
594,286,85,3598.0,False,602.0,True,89231.0,0,1,89543.0,89543.0,312.0,312.0,0.0,0.0,0.0,0.0
596,229,12,2028.0,True,896.0,True,89720.0,1,0,89720.0,90012.0,0.0,292.0,178.0,0.0,1.0,0.0
598,86,5,9.0,True,25.0,True,90012.0,0,0,90013.0,90022.0,1.0,10.0,0.0,0.0,1.0,1.0
597,206,253,3598.0,False,589.0,False,89926.0,1,1,90023.0,90087.0,97.0,161.0,0.0,0.0,1.0,0.0
599,24,236,784.0,True,1593.0,False,90036.0,1,0,90088.0,90642.0,52.0,606.0,0.0,0.0,1.0,0.0
602,275,10,19.0,True,27.0,True,90642.0,0,0,90643.0,90662.0,1.0,20.0,0.0,0.0,1.0,1.0
600,51,107,3598.0,False,3127.0,False,90087.0,0,1,90663.0,90663.0,576.0,576.0,0.0,0.0,0.0,0.0
601,280,263,240.0,True,181.0,True,90367.0,0,2,90663.0,90663.0,296.0,296.0,0.0,0.0,0.0,0.0
603,219,150,1310.0,True,942.0,True,90861.0,1,0,90861.0,91249.0,0.0,388.0,199.0,0.0,1.0,0.0
607,17,19,305.0,True,93.0,True,91249.0,0,0,91250.0,91555.0,1.0,306.0,0.0,0.0,1.0,1.0
604,162,95,3598.0,False,2173.0,False,91023.0,0,1,91556.0,91556.0,533.0,533.0,0.0,0.0,0.0,0.0
605,140,265,2938.0,True,1048.0,True,91163.0,0,3,91556.0,91556.0,393.0,393.0,0.0,0.0,0.0,0.0
606,69,284,3598.0,False,501.0,True,91232.0,0,4,91556.0,91556.0,324.0,324.0,0.0,0.0,0.0,0.0
608,271,265,1416.0,True,1928.0,True,91520.0,1,1,91556.0,91844.0,36.0,324.0,0.0,0.0,1.0,0.0
610,53,11,311.0,True,242.0,True,91844.0,0,0,91845.0,92156.0,1.0,312.0,0.0,0.0,1.0,1.0
609,271,271,159.0,True,245.0,True,91791.0,0,1,92157.0,92157.0,366.0,366.0,0.0,0.0,0.0,0.0
611,218,233,126.0,True,79.0,True,92062.0,0,1,92157.0,92283.0,95.0,221.0,0.0,0.0,1.0,1.0
612,229,217,19.0,True,30.0,True,92291.0,0,0,92291.0,92310.0,0.0,19.0,8.0,0.0,1.0,1.0
613,55,111,33.0,True,25.0,True,92346.0,0,0,92346.0,92379.0,0.0,33.0,36.0,0.0,1.0,1.0
614,160,58,684.0,True,419.0,True,92506.0,0,0,92506.0,93190.0,0.0,684.0,127.0,0.0,1.0,1.0
615,150,201,3598.0,False,2193.0,False,92656.0,0,1,93191.0,93191.0,535.0,535.0,0.0,0.0,0.0,0.0
616,65,36,3598.0,False,1203.0,False,92721.0,0,2,93191.0,93191.0,470.0,470.0,0.0,0.0,0.0,0.0
618,83,166,259.0,True,69.0,True,93059.0,0,2,93191.0,93450.0,132.0,391.0,0.0,0.0,1.0,1.0
617,255,279,3598.0,False,166.0,True,92976.0,0,2,93451.0,93451.0,475.0,475.0,0.0,0.0,0.0,0.0
619,258,212,2005.0,True,1910.0,True,93317.0,1,1,93451.0,93577.0,134.0,260.0,0.0,0.0,1.0,0.0
621,100,27,17.0,True,15.0,True,93577.0,0,0,93578.0,93595.0,1.0,18.0,0.0,0.0,1.0,1.0
620,160,284,1387.0,True,1234.0,True,93477.0,1,1,93596.0,94018.0,119.0,541.0,0.0,0.0,1.0,0.0
624,185,60,21.0,True,25.0,True,94018.0,0,0,94019.0,94040.0,1.0,22.0,0.0,0.0,1.0,1.0
622,189,88,108.0,True,130.0,True,93766.0,0,2,94041.0,94041.0,275.0,275.0,0.0,0.0,0.0,0.0
623,67,298,3598.0,False,2224.0,False,93833.0,1,1,94041.0,94266.0,208.0,433.0,0.0,0.0,1.0,0.0
625,76,39,1521.0,True,1841.0,True,94094.0,0,0,94267.0,94267.0,173.0,173.0,0.0,0.0,0.0,0.0
626,172,187,3598.0,False,2484.0,False,94266.0,1,0,94268.0,94349.0,2.0,83.0,0.0,0.0,1.0,0.0
628,27,190,31.0,True,36.0,True,94349.0,0,0,94350.0,94381.0,1.0,32.0,0.0,0.0,1.0,1.0
627,56,238,86.0,True,107.0,True,94322.0,0,1,94382.0,94468.0,60.0,146.0,0.0,0.0,1.0,1.0
629,70,264,3598.0,False,277.0,True,94419.0,1,1,94469.0,94541.0,50.0,122.0,0.0,0.0,1.0,0.0
631,38,281,64.0,True,28.0,True,94541.0,0,0,94542.0,94606.0,1.0,65.0,0.0,0.0,1.0,1.0
632,46,44,2.0,True,3.0,True,94587.0,0,2,94607.0,94609.0,20.0,22.0,0.0,0.0,1.0,1.0
630,84,158,20.0,True,34.0,True,94503.0,0,1,94610.0,94630.0,107.0,127.0,0.0,0.0,1.0,1.0
633,237,234,43.0,True,35.0,True,94824.0,0,0,94824.0,94867.0,0.0,43.0,194.0,0.0,1.0,1.0
634,285,222,1.0,True,4.0,True,95109.0,0,0,95109.0,95110.0,0.0,1.0,242.0,0.0,1.0,1.0
635,190,293,270.0,True,119.0,True,95299.0,0,0,95299.0,95569.0,0.0,270.0,189.0,0.0,1.0,1.0
636,8,260,139.0,True,23.0,True,95307.0,0,1,95570.0,95570.0,263.0,263.0,0.0,0.0,0.0,0.0
637,219,172,41.0,True,21.0,True,95526.0,0,1,95570.0,95611.0,44.0,85.0,0.0,0.0,1.0,1.0
638,72,72,3598.0,False,157.0,True,95598.0,1,1,95612.0,96041.0,14.0,443.0,0.0,0.0,1.0,0.0
639,248,51,43.0,True,22.0,True,95846.0,0,0,96042.0,96042.0,196.0,196.0,0.0,0.0,0.0,0.0
640,195,84,65.0,True,39.0,True,96041.0,0,0,96043.0,96108.0,2.0,67.0,0.0,0.0,1.0,1.0
641,88,103,93.0,True,45.0,True,96129.0,0,0,96129.0,96222.0,0.0,93.0,21.0,0.0,1.0,1.0
642,210,7,159.0,True,200.0,True,96339.0,0,0,96339.0,96498.0,0.0,159.0,117.0,0.0,1.0,1.0
643,67,172,31.0,True,128.0,True,96406.0,0,1,96499.0,96530.0,93.0,124.0,0.0,0.0,1.0,1.0
644,111,286,85.0,True,28.0,True,96517.0,0,1,96531.0,96616.0,14.0,99.0,0.0,0.0,1.0,1.0
645,288,277,41.0,True,18.0,True,96805.0,0,0,96805.0,96846.0,0.0,41.0,189.0,0.0,1.0,1.0
646,272,188,2286.0,True,230.0,True,97077.0,1,0,97077.0,97579.0,0.0,502.0,231.0,0.0,1.0,0.0
648,287,183,2.0,True,5.0,True,97579.0,0,0,97580.0,97582.0,1.0,3.0,0.0,0.0,1.0,1.0
647,215,277,75.0,True,21.0,True,97292.0,0,1,97583.0,97583.0,291.0,291.0,0.0,0.0,0.0,0.0
649,193,236,81.0,True,37.0,True,97772.0,0,0,97772.0,97853.0,0.0,81.0,190.0,0.0,1.0,1.0
650,89,182,1.0,True,3.0,True,97861.0,0,0,97861.0,97862.0,0.0,1.0,8.0,0.0,1.0,1.0
651,292,218,1242.0,True,553.0,False,98153.0,1,0,98153.0,98487.0,0.0,334.0,291.0,0.0,1.0,0.0
652,138,168,74.0,True,84.0,True,98291.0,0,0,98488.0,98488.0,197.0,197.0,0.0,0.0,0.0,0.0
653,196,107,81.0,True,91.0,True,98487.0,0,0,98489.0,98570.0,2.0,83.0,0.0,0.0,1.0,1.0
654,177,94,555.0,True,199.0,True,98664.0,0,0,98664.0,99219.0,0.0,555.0,94.0,0.0,1.0,1.0
655,228,230,3598.0,False,448.0,True,98892.0,0,1,99220.0,99220.0,328.0,328.0,0.0,0.0,0.0,0.0
656,44,63,3598.0,False,248.0,True,98936.0,0,2,99220.0,99220.0,284.0,284.0,0.0,0.0,0.0,0.0
658,169,245,302.0,True,199.0,False,99163.0,0,3,99220.0,99522.0,57.0,359.0,0.0,0.0,1.0,1.0
657,58,295,3598.0,False,244.0,False,98994.0,0,2,99523.0,99523.0,529.0,529.0,0.0,0.0,0.0,0.0
659,2,191,3598.0,False,231.0,True,99165.0,0,3,99523.0,99523.0,358.0,358.0,0.0,0.0,0.0,0.0
660,292,207,3598.0,False,303.0,False,99457.0,1,1,99523.0,99972.0,66.0,515.0,0.0,0.0,1.0,0.0
661,277,105,5.0,True,13.0,True,99734.0,0,0,99973.0,99973.0,239.0,239.0,0.0,0.0,0.0,0.0
662,238,107,1.0,True,24.0,True,99972.0,0,0,99974.0,99975.0,2.0,3.0,0.0,0.0,1.0,1.0
663,27,88,495.0,True,272.0,True,99999.0,0,0,99999.0,100494.0,0.0,495.0,24.0,0.0,1.0,1.0
664,186,123,3598.0,False,229.0,True,100185.0,0,1,100495.0,100495.0,310.0,310.0,0.0,0.0,0.0,0.0
665,110,27,474.0,True,33.0,True,100295.0,0,2,100495.0,100495.0,200.0,200.0,0.0,0.0,0.0,0.0
666,196,134,24.0,True,28.0,True,100491.0,0,1,100495.0,100519.0,4.0,28.0,0.0,0.0,1.0,1.0
667,61,204,3598.0,False,2095.0,False,100552.0,1,0,100552.0,100892.0,0.0,340.0,33.0,0.0,1.0,0.0
668,218,230,71.0,True,30.0,True,100770.0,0,0,100893.0,100964.0,123.0,194.0,0.0,0.0,1.0,1.0
669,122,285,3598.0,False,281.0,True,100892.0,1,1,100965.0,101078.0,73.0,186.0,0.0,0.0,1.0,0.0
671,52,179,130.0,True,198.0,True,101078.0,0,0,101079.0,101209.0,1.0,131.0,0.0,0.0,1.0,1.0
670,134,146,401.0,True,495.0,True,101026.0,0,1,101210.0,101210.0,184.0,184.0,0.0,0.0,0.0,0.0
672,263,143,744.0,True,195.0,True,101341.0,0,0,101341.0,102085.0,0.0,744.0,132.0,0.0,1.0,1.0
673,183,275,3598.0,False,143.0,True,101524.0,0,4,102086.0,102086.0,562.0,562.0,0.0,0.0,0.0,0.0
674,200,257,3598.0,False,206.0,True,101724.0,0,2,102086.0,102086.0,362.0,362.0,0.0,0.0,0.0,0.0
675,6,155,3598.0,False,383.0,False,101730.0,0,1,102086.0,102086.0,356.0,356.0,0.0,0.0,0.0,0.0
676,216,46,3598.0,False,175.0,True,101946.0,0,3,102086.0,102086.0,140.0,140.0,0.0,0.0,0.0,0.0
677,39,87,1.0,True,15.0,True,101985.0,0,6,102086.0,102086.0,101.0,101.0,0.0,0.0,0.0,0.0
678,36,125,3.0,True,16.0,True,102021.0,0,1,102086.0,102089.0,65.0,68.0,0.0,0.0,1.0,1.0
679,267,227,149.0,True,231.0,True,102288.0,0,0,102288.0,102437.0,0.0,149.0,199.0,0.0,1.0,1.0
680,159,22,2607.0,True,225.0,True,102447.0,1,0,102447.0,102630.0,0.0,183.0,10.0,0.0,1.0,0.0
682,63,229,26.0,True,16.0,True,102630.0,0,0,102631.0,102657.0,1.0,27.0,0.0,0.0,1.0,1.0
681,120,6,5.0,True,36.0,True,102567.0,0,1,102658.0,102658.0,91.0,91.0,0.0,0.0,0.0,0.0
683,238,299,2559.0,True,82.0,True,102868.0,1,0,102868.0,103240.0,0.0,372.0,211.0,0.0,1.0,0.0
685,291,91,1.0,True,1.0,True,103240.0,0,0,103241.0,103242.0,1.0,2.0,0.0,0.0,1.0,1.0
684,81,120,3598.0,False,453.0,True,102949.0,0,1,103243.0,103243.0,294.0,294.0,0.0,0.0,0.0,0.0
686,54,287,1.0,True,1.0,True,103294.0,0,0,103294.0,103295.0,0.0,1.0,52.0,0.0,1.0,1.0
687,147,294,1.0,True,1.0,True,103441.0,0,0,103441.0,103442.0,0.0,1.0,146.0,0.0,1.0,1.0
688,4,192,66.0,True,47.0,True,103445.0,0,0,103445.0,103511.0,0.0,66.0,3.0,0.0,1.0,1.0
689,245,115,1.0,True,1.0,True,103690.0,0,0,103690.0,103691.0,0.0,1.0,179.0,0.0,1.0,1.0
690,198,71,3598.0,False,448.0,True,103888.0,1,0,103888.0,104338.0,0.0,450.0,197.0,0.0,1.0,0.0
691,236,152,1.0,True,1.0,True,104124.0,0,0,104339.0,104339.0,215.0,215.0,0.0,0.0,0.0,0.0
692,214,127,1.0,True,1.0,True,104338.0,0,0,104340.0,104341.0,2.0,3.0,0.0,0.0,1.0,1.0
693,250,6,3598.0,False,1775.0,False,104588.0,1,0,104588.0,104862.0,0.0,274.0,247.0,0.0,1.0,0.0
694,157,128,1.0,True,1.0,True,104745.0,0,0,104863.0,104864.0,118.0,119.0,0.0,0.0,1.0,1.0
695,117,48,1.0,True,1.0,True,104862.0,0,1,104865.0,104866.0,3.0,4.0,0.0,0.0,1.0,1.0
696,133,263,1.0,True,1.0,True,104995.0,0,0,104995.0,104996.0,0.0,1.0,129.0,0.0,1.0,1.0
697,158,56,1.0,True,2.0,True,105153.0,0,0,105153.0,105154.0,0.0,1.0,157.0,0.0,1.0,1.0
698,80,85,1.0,True,1.0,True,105233.0,0,0,105233.0,105234.0,0.0,1.0,79.0,0.0,1.0,1.0
699,186,39,1.0,True,1.0,True,105419.0,0,0,105419.0,105420.0,0.0,1.0,185.0,0.0,1.0,1.0
700,80,258,3598.0,False,367.0,True,105499.0,1,0,105499.0,105773.0,0.0,274.0,79.0,0.0,1.0,0.0
701,219,183,1.0,True,1.0,True,105718.0,0,0,105774.0,105775.0,56.0,57.0,0.0,0.0,1.0,1.0
702,55,61,3598.0,False,2619.0,False,105773.0,1,1,105776.0,105998.0,3.0,225.0,0.0,0.0,1.0,0.0
704,6,70,1.0,True,1.0,True,105998.0,0,0,105999.0,106000.0,1.0,2.0,0.0,0.0,1.0,1.0
703,219,40,230.0,True,72.0,True,105992.0,0,1,106001.0,106231.0,9.0,239.0,0.0,0.0,1.0,1.0
705,135,155,1.0,True,1.0,True,106133.0,0,1,106232.0,106233.0,99.0,100.0,0.0,0.0,1.0,1.0
706,122,277,1.0,True,1.0,True,106255.0,0,0,106255.0,106256.0,0.0,1.0,22.0,0.0,1.0,1.0
707,204,124,1.0,True,1.0,True,106459.0,0,0,106459.0,106460.0,0.0,1.0,203.0,0.0,1.0,1.0
708,262,231,1.0,True,1.0,True,106721.0,0,0,106721.0,106722.0,0.0,1.0,261.0,0.0,1.0,1.0
709,273,277,1.0,True,1.0,True,106994.0,0,0,106994.0,106995.0,0.0,1.0,272.0,0.0,1.0,1.0
710,81,228,1.0,True,1.0,True,107075.0,0,0,107075.0,107076.0,0.0,1.0,80.0,0.0,1.0,1.0
711,226,291,3598.0,False,2450.0,False,107301.0,1,0,107301.0,107486.0,0.0,185.0,225.0,0.0,1.0,0.0
713,166,184,1.0,True,1.0,True,107486.0,0,0,107487.0,107488.0,1.0,2.0,0.0,0.0,1.0,1.0
712,19,129,3598.0,False,2183.0,False,107320.0,0,1,107489.0,107489.0,169.0,169.0,0.0,0.0,0.0,0.0
714,161,272,1.0,True,1.0,True,107647.0,0,0,107647.0,107648.0,0.0,1.0,159.0,0.0,1.0,1.0
715,228,211,1.0,True,1.0,True,107875.0,0,0,107875.0,107876.0,0.0,1.0,227.0,0.0,1.0,1.0
716,192,277,1.0,True,1.0,True,108067.0,0,0,108067.0,108068.0,0.0,1.0,191.0,0.0,1.0,1.0
717,118,164,1.0,True,1.0,True,108185.0,0,0,108185.0,108186.0,0.0,1.0,117.0,0.0,1.0,1.0
718,96,123,3598.0,False,838.0,False,108281.0,1,0,108281.0,108759.0,0.0,478.0,95.0,0.0,1.0,0.0
719,289,144,1.0,True,1.0,True,108570.0,0,0,108760.0,108760.0,190.0,190.0,0.0,0.0,0.0,0.0
720,189,32,1.0,True,1.0,True,108759.0,0,0,108761.0,108762.0,2.0,3.0,0.0,0.0,1.0,1.0
721,223,78,1.0,True,1.0,True,108982.0,0,0,108982.0,108983.0,0.0,1.0,220.0,0.0,1.0,1.0
722,297,192,1.0,True,1.0,True,109279.0,0,0,109279.0,109280.0,0.0,1.0,296.0,0.0,1.0,1.0
723,87,67,35.0,True,164.0,True,109366.0,0,0,109366.0,109401.0,0.0,35.0,86.0,0.0,1.0,1.0
724,184,67,4.0,True,25.0,True,109550.0,0,0,109550.0,109554.0,0.0,4.0,149.0,0.0,1.0,1.0
725,108,146,1.0,True,1.0,True,109658.0,0,0,109658.0,109659.0,0.0,1.0,104.0,0.0,1.0,1.0
726,127,196,1.0,True,1.0,True,109785.0,0,0,109785.0,109786.0,0.0,1.0,126.0,0.0,1.0,1.0
727,236,228,1.0,True,1.0,True,110021.0,0,0,110021.0,110022.0,0.0,1.0,235.0,0.0,1.0,1.0
728,208,107,1.0,True,1.0,True,110229.0,0,0,110229.0,110230.0,0.0,1.0,207.0,0.0,1.0,1.0
729,284,1,1.0,True,1.0,True,110513.0,0,0,110513.0,110514.0,0.0,1.0,283.0,0.0,1.0,1.0
730,141,253,1.0,True,1.0,True,110654.0,0,0,110654.0,110655.0,0.0,1.0,140.0,0.0,1.0,1.0
731,189,119,1.0,True,1.0,True,110843.0,0,0,110843.0,110844.0,0.0,1.0,188.0,0.0,1.0,1.0
732,267,152,1.0,True,1.0,True,111110.0,0,0,111110.0,111111.0,0.0,1.0,266.0,0.0,1.0,1.0
733,36,215,1.0,True,1.0,True,111146.0,0,0,111146.0,111147.0,0.0,1.0,35.0,0.0,1.0,1.0
734,219,157,1.0,True,1.0,True,111365.0,0,0,111365.0,111366.0,0.0,1.0,218.0,0.0,1.0,1.0
735,221,238,501.0,True,183.0,True,111586.0,0,0,111586.0,112087.0,0.0,501.0,220.0,0.0,1.0,1.0
736,236,63,254.0,True,91.0,True,111822.0,0,2,112088.0,112088.0,266.0,266.0,0.0,0.0,0.0,0.0
738,20,260,27.0,True,64.0,True,111960.0,0,2,112088.0,112115.0,128.0,155.0,0.0,0.0,1.0,1.0
739,131,232,3598.0,False,430.0,True,112091.0,1,2,112116.0,112333.0,25.0,242.0,0.0,0.0,1.0,0.0
740,242,173,39.0,True,107.0,True,112333.0,0,0,112334.0,112373.0,1.0,40.0,0.0,0.0,1.0,1.0
737,118,215,3598.0,False,1473.0,False,111940.0,0,1,112374.0,112374.0,434.0,434.0,0.0,0.0,0.0,0.0
741,125,126,307.0,True,99.0,True,112458.0,0,0,112458.0,112765.0,0.0,307.0,85.0,0.0,1.0,1.0
743,134,124,1.0,True,1.0,True,112713.0,0,2,112766.0,112767.0,53.0,54.0,0.0,0.0,1.0,1.0
742,121,208,3.0,True,24.0,True,112579.0,0,1,112768.0,112771.0,189.0,192.0,0.0,0.0,1.0,1.0
744,95,121,1.0,True,1.0,True,112808.0,0,0,112808.0,112809.0,0.0,1.0,37.0,0.0,1.0,1.0
745,39,184,1.0,True,45.0,True,112847.0,0,0,112847.0,112848.0,0.0,1.0,38.0,0.0,1.0,1.0
746,6,263,1.0,True,1.0,True,112853.0,0,0,112853.0,112854.0,0.0,1.0,5.0,0.0,1.0,1.0
747,258,191,1.0,True,1.0,True,113111.0,0,0,113111.0,113112.0,0.0,1.0,257.0,0.0,1.0,1.0
748,197,68,2229.0,True,1875.0,True,113308.0,1,0,113308.0,113624.0,0.0,316.0,196.0,0.0,1.0,0.0
749,219,268,1.0,True,1.0,True,113527.0,0,0,113625.0,113626.0,98.0,99.0,0.0,0.0,1.0,1.0
750,97,265,1.0,True,1.0,True,113624.0,0,1,113627.0,113628.0,3.0,4.0,0.0,0.0,1.0,1.0
751,14,92,1.0,True,1.0,True,113638.0,0,0,113638.0,113639.0,0.0,1.0,10.0,0.0,1.0,1.0
752,97,215,59.0,True,61.0,True,113735.0,0,0,113735.0,113794.0,0.0,59.0,96.0,0.0,1.0,1.0
753,182,245,1.0,True,1.0,True,113917.0,0,0,113917.0,113918.0,0.0,1.0,123.0,0.0,1.0,1.0
754,104,55,1.0,True,1.0,True,114021.0,0,0,114021.0,114022.0,0.0,1.0,103.0,0.0,1.0,1.0
755,76,273,129.0,True,205.0,True,114097.0,0,0,114097.0,114226.0,0.0,129.0,75.0,0.0,1.0,1.0
756,128,15,1.0,True,1.0,True,114225.0,0,1,114227.0,114228.0,2.0,3.0,0.0,0.0,1.0,1.0
757,43,215,1.0,True,1.0,True,114268.0,0,0,114268.0,114269.0,0.0,1.0,40.0,0.0,1.0,1.0
758,64,228,1.0,True,1.0,True,114332.0,0,0,114332.0,114333.0,0.0,1.0,63.0,0.0,1.0,1.0
759,270,28,1.0,True,1.0,True,114602.0,0,0,114602.0,114603.0,0.0,1.0,269.0,0.0,1.0,1.0
760,208,282,1.0,True,1.0,True,114810.0,0,0,114810.0,114811.0,0.0,1.0,207.0,0.0,1.0,1.0
761,37,14,3598.0,False,511.0,False,114847.0,1,0,114847.0,115179.0,0.0,332.0,36.0,0.0,1.0,0.0
762,168,196,1.0,True,1.0,True,115015.0,0,0,115180.0,115181.0,165.0,166.0,0.0,0.0,1.0,1.0
763,164,168,59.0,True,90.0,True,115179.0,0,1,115182.0,115241.0,3.0,62.0,0.0,0.0,1.0,1.0
764,9,265,1.0,True,1.0,True,115188.0,0,1,115242.0,115243.0,54.0,55.0,0.0,0.0,1.0,1.0
765,232,29,1.0,True,1.0,True,115420.0,0,0,115420.0,115421.0,0.0,1.0,177.0,0.0,1.0,1.0
766,125,92,1.0,True,1.0,True,115545.0,0,0,115545.0,115546.0,0.0,1.0,124.0,0.0,1.0,1.0
767,208,111,208.0,True,197.0,False,115753.0,0,0,115753.0,115961.0,0.0,208.0,207.0,0.0,1.0,1.0
768,64,25,1.0,True,1.0,True,115817.0,0,2,115962.0,115962.0,145.0,145.0,0.0,0.0,0.0,0.0
769,79,245,1.0,True,1.0,True,115896.0,0,1,115962.0,115963.0,66.0,67.0,0.0,0.0,1.0,1.0
770,107,116,1.0,True,1.0,True,116003.0,0,0,116003.0,116004.0,0.0,1.0,40.0,0.0,1.0,1.0
771,187,270,1.0,True,1.0,True,116190.0,0,0,116190.0,116191.0,0.0,1.0,186.0,0.0,1.0,1.0
772,15,140,1.0,True,1.0,True,116205.0,0,0,116205.0,116206.0,0.0,1.0,14.0,0.0,1.0,1.0
773,289,208,1.0,True,1.0,True,116494.0,0,0,116494.0,116495.0,0.0,1.0,288.0,0.0,1.0,1.0
774,212,169,1.0,True,1.0,True,116706.0,0,0,116706.0,116707.0,0.0,1.0,211.0,0.0,1.0,1.0
775,261,126,1.0,True,1.0,True,116967.0,0,0,116967.0,116968.0,0.0,1.0,260.0,0.0,1.0,1.0
776,28,191,2099.0,True,332.0,True,116995.0,1,0,116995.0,117106.0,0.0,111.0,27.0,0.0,1.0,0.0
777,89,279,1.0,True,1.0,True,117084.0,0,0,117107.0,117108.0,23.0,24.0,0.0,0.0,1.0,1.0
778,22,209,1.0,True,1.0,True,117106.0,0,1,117109.0,117110.0,3.0,4.0,0.0,0.0,1.0,1.0
779,183,107,730.0,True,382.0,True,117289.0,1,0,117289.0,117633.0,0.0,344.0,179.0,0.0,1.0,0.0
780,146,234,1.0,True,1.0,True,117435.0,0,0,117634.0,117635.0,199.0,200.0,0.0,0.0,1.0,1.0
781,16,181,882.0,True,551.0,True,117451.0,0,1,117636.0,117636.0,185.0,185.0,0.0,0.0,0.0,0.0
782,182,271,1.0,True,1.0,True,117633.0,0,1,117636.0,117637.0,3.0,4.0,0.0,0.0,1.0,1.0
783,213,16,1837.0,True,1466.0,False,117846.0,1,0,117846.0,118136.0,0.0,290.0,209.0,0.0,1.0,0.0
785,35,176,1.0,True,1.0,True,118136.0,0,0,118137.0,118138.0,1.0,2.0,0.0,0.0,1.0,1.0
784,255,184,239.0,True,109.0,True,118101.0,0,1,118139.0,118378.0,38.0,277.0,0.0,0.0,1.0,1.0
786,136,207,3598.0,False,764.0,False,118272.0,1,1,118379.0,118461.0,107.0,189.0,0.0,0.0,1.0,0.0
787,165,180,1.0,True,1.0,True,118437.0,0,0,118462.0,118463.0,25.0,26.0,0.0,0.0,1.0,1.0
788,24,192,518.0,True,599.0,True,118461.0,1,1,118464.0,118839.0,3.0,378.0,0.0,0.0,1.0,0.0
790,172,28,1.0,True,1.0,True,118839.0,0,0,118840.0,118841.0,1.0,2.0,0.0,0.0,1.0,1.0
789,206,85,1.0,True,3.0,True,118667.0,0,1,118842.0,118842.0,175.0,175.0,0.0,0.0,0.0,0.0
791,128,64,208.0,True,224.0,False,118967.0,0,0,118967.0,119175.0,0.0,208.0,126.0,0.0,1.0,1.0
792,169,63,1.0,True,1.0,True,119136.0,0,1,119176.0,119177.0,40.0,41.0,0.0,0.0,1.0,1.0
793,169,275,1.0,True,1.0,True,119305.0,0,0,119305.0,119306.0,0.0,1.0,128.0,0.0,1.0,1.0
794,24,14,1.0,True,1.0,True,119329.0,0,0,119329.0,119330.0,0.0,1.0,23.0,0.0,1.0,1.0
795,16,225,2198.0,True,1222.0,False,119345.0,1,0,119345.0,119531.0,0.0,186.0,15.0,0.0,1.0,0.0
796,159,113,1.0,True,1.0,True,119504.0,0,0,119532.0,119533.0,28.0,29.0,0.0,0.0,1.0,1.0
797,27,66,1.0,True,1.0,True,119531.0,0,1,119534.0,119535.0,3.0,4.0,0.0,0.0,1.0,1.0
798,117,120,1.0,True,1.0,True,119648.0,0,0,119648.0,119649.0,0.0,1.0,113.0,0.0,1.0,1.0
799,129,75,1.0,True,1.0,True,119777.0,0,0,119777.0,119778.0,0.0,1.0,128.0,0.0,1.0,1.0
800,218,207,281.0,True,350.0,True,119995.0,0,0,119995.0,120276.0,0.0,281.0,217.0,0.0,1.0,1.0
802,81,233,1.0,True,1.0,True,120221.0,0,2,120277.0,120278.0,56.0,57.0,0.0,0.0,1.0,1.0
801,145,216,3598.0,False,1005.0,False,120140.0,1,1,120279.0,120497.0,139.0,357.0,0.0,0.0,1.0,0.0
803,214,32,1.0,True,1.0,True,120435.0,0,0,120498.0,120498.0,63.0,63.0,0.0,0.0,0.0,0.0
804,62,157,1.0,True,1.0,True,120497.0,0,0,120499.0,120500.0,2.0,3.0,0.0,0.0,1.0,1.0
805,131,219,3598.0,False,494.0,False,120628.0,1,0,120628.0,121095.0,0.0,467.0,128.0,0.0,1.0,0.0
806,248,236,1.0,True,1.0,True,120876.0,0,0,121096.0,121097.0,220.0,221.0,0.0,0.0,1.0,1.0
807,219,87,1.0,True,1.0,True,121095.0,0,1,121098.0,121099.0,3.0,4.0,0.0,0.0,1.0,1.0
808,68,238,1.0,True,1.0,True,121163.0,0,0,121163.0,121164.0,0.0,1.0,64.0,0.0,1.0,1.0
809,145,241,7.0,True,501.0,True,121308.0,0,0,121308.0,121315.0,0.0,7.0,144.0,0.0,1.0,1.0
810,167,274,1.0,True,1.0,True,121475.0,0,0,121475.0,121476.0,0.0,1.0,160.0,0.0,1.0,1.0
811,246,210,1.0,True,4.0,True,121721.0,0,0,121721.0,121722.0,0.0,1.0,245.0,0.0,1.0,1.0
812,257,6,1.0,True,1.0,True,121978.0,0,0,121978.0,121979.0,0.0,1.0,256.0,0.0,1.0,1.0
813,55,268,1.0,True,2.0,True,122033.0,0,0,122033.0,122034.0,0.0,1.0,54.0,0.0,1.0,1.0
814,170,124,1.0,True,1.0,True,122203.0,0,0,122203.0,122204.0,0.0,1.0,169.0,0.0,1.0,1.0
815,84,154,1.0,True,1.0,True,122287.0,0,0,122287.0,122288.0,0.0,1.0,83.0,0.0,1.0,1.0
816,267,35,1.0,True,1.0,True,122554.0,0,0,122554.0,122555.0,0.0,1.0,266.0,0.0,1.0,1.0
817,212,136,17.0,True,37.0,True,122766.0,0,0,122766.0,122783.0,0.0,17.0,211.0,0.0,1.0,1.0
818,260,142,21.0,True,536.0,True,123026.0,0,0,123026.0,123047.0,0.0,21.0,243.0,0.0,1.0,1.0
819,237,196,222.0,True,1087.0,True,123263.0,0,0,123263.0,123485.0,0.0,222.0,216.0,0.0,1.0,1.0
820,281,124,579.0,True,613.0,True,123544.0,1,0,123544.0,123939.0,0.0,395.0,59.0,0.0,1.0,0.0
822,274,6,5.0,True,80.0,True,123939.0,0,0,123940.0,123945.0,1.0,6.0,0.0,0.0,1.0,1.0
821,121,2,179.0,True,248.0,True,123665.0,0,1,123946.0,123946.0,281.0,281.0,0.0,0.0,0.0,0.0
823,133,86,2.0,True,2.0,True,124072.0,0,0,124072.0,124074.0,0.0,2.0,127.0,0.0,1.0,1.0
824,260,240,341.0,True,422.0,True,124332.0,0,0,124332.0,124673.0,0.0,341.0,258.0,0.0,1.0,1.0
825,123,38,1387.0,True,318.0,True,124455.0,0,2,124674.0,124674.0,219.0,219.0,0.0,0.0,0.0,0.0
826,126,298,69.0,True,402.0,True,124581.0,0,1,124674.0,124743.0,93.0,162.0,0.0,0.0,1.0,1.0
827,289,83,3598.0,False,844.0,False,124870.0,1,0,124870.0,125272.0,0.0,402.0,127.0,0.0,1.0,0.0
829,226,71,10.0,True,41.0,True,125272.0,0,0,125273.0,125283.0,1.0,11.0,0.0,0.0,1.0,1.0
828,176,85,7.0,True,177.0,True,125046.0,0,1,125284.0,125284.0,238.0,238.0,0.0,0.0,0.0,0.0
830,205,284,3598.0,False,639.0,False,125477.0,1,0,125477.0,125596.0,0.0,119.0,194.0,0.0,1.0,0.0
832,114,79,2.0,True,5.0,True,125596.0,0,0,125597.0,125599.0,1.0,3.0,0.0,0.0,1.0,1.0
831,5,226,2.0,True,8.0,True,125482.0,0,1,125600.0,125602.0,118.0,120.0,0.0,0.0,1.0,1.0
833,294,89,346.0,True,354.0,True,125890.0,0,0,125890.0,126236.0,0.0,346.0,288.0,0.0,1.0,1.0
834,250,231,2655.0,True,1048.0,True,126140.0,1,1,126237.0,126371.0,97.0,231.0,0.0,0.0,1.0,0.0
835,223,102,44.0,True,363.0,True,126363.0,0,0,126372.0,126416.0,9.0,53.0,0.0,0.0,1.0,1.0
836,8,150,74.0,True,386.0,True,126371.0,0,1,126417.0,126491.0,46.0,120.0,0.0,0.0,1.0,1.0
837,116,12,3598.0,False,1726.0,False,126487.0,1,1,126492.0,126614.0,5.0,127.0,0.0,0.0,1.0,0.0
839,122,24,35.0,True,203.0,True,126614.0,0,0,126615.0,126650.0,1.0,36.0,0.0,0.0,1.0,1.0
838,5,38,433.0,True,518.0,True,126492.0,0,1,126651.0,126651.0,159.0,159.0,0.0,0.0,0.0,0.0
840,127,22,10.0,True,16.0,True,126741.0,0,0,126741.0,126751.0,0.0,10.0,91.0,0.0,1.0,1.0
841,241,119,79.0,True,156.0,True,126982.0,0,0,126982.0,127061.0,0.0,79.0,231.0,0.0,1.0,1.0
842,177,135,502.0,True,115.0,True,127159.0,0,0,127159.0,127661.0,0.0,502.0,98.0,0.0,1.0,1.0
843,149,66,3598.0,False,145.0,True,127308.0,0,1,127662.0,127662.0,354.0,354.0,0.0,0.0,0.0,0.0
844,243,255,2.0,True,4.0,True,127551.0,0,1,127662.0,127664.0,111.0,113.0,0.0,0.0,1.0,1.0
845,192,261,9.0,True,75.0,True,127743.0,0,0,127743.0,127752.0,0.0,9.0,79.0,0.0,1.0,1.0
846,281,243,602.0,True,383.0,True,128024.0,1,0,128024.0,128377.0,0.0,353.0,272.0,0.0,1.0,0.0
848,96,285,1.0,True,52.0,True,128130.0,0,0,128378.0,128379.0,248.0,249.0,0.0,0.0,1.0,1.0
847,10,62,3598.0,False,592.0,False,128034.0,0,1,128380.0,128380.0,346.0,346.0,0.0,0.0,0.0,0.0
849,247,10,31.0,True,223.0,True,128377.0,0,1,128380.0,128411.0,3.0,34.0,0.0,0.0,1.0,1.0
850,256,191,550.0,True,463.0,True,128633.0,0,0,128633.0,129183.0,0.0,550.0,222.0,0.0,1.0,1.0
851,27,116,5.0,True,24.0,True,128660.0,0,2,129184.0,129184.0,524.0,524.0,0.0,0.0,0.0,0.0
852,256,251,3598.0,False,1660.0,False,128916.0,0,1,129184.0,129184.0,268.0,268.0,0.0,0.0,0.0,0.0
853,279,233,109.0,True,85.0,True,129195.0,0,0,129195.0,129304.0,0.0,109.0,12.0,0.0,1.0,1.0
854,244,35,15.0,True,129.0,True,129439.0,0,0,129439.0,129454.0,0.0,15.0,135.0,0.0,1.0,1.0
855,143,183,18.0,True,155.0,True,129582.0,0,0,129582.0,129600.0,0.0,18.0,128.0,0.0,1.0,1.0
856,92,275,4.0,True,13.0,True,129674.0,0,0,129674.0,129678.0,0.0,4.0,74.0,0.0,1.0,1.0
857,72,21,13.0,True,16.0,True,129746.0,0,0,129746.0,129759.0,0.0,13.0,68.0,0.0,1.0,1.0
858,40,115,652.0,True,304.0,True,129786.0,1,0,129786.0,129957.0,0.0,171.0,27.0,0.0,1.0,0.0
859,136,21,6.0,True,23.0,True,129922.0,0,0,129958.0,129958.0,36.0,36.0,0.0,0.0,0.0,0.0
860,35,109,15.0,True,51.0,True,129957.0,0,0,129959.0,129974.0,2.0,17.0,0.0,0.0,1.0,1.0
861,9,250,2.0,True,39.0,True,129966.0,0,1,129975.0,129977.0,9.0,11.0,0.0,0.0,1.0,1.0
862,55,106,2.0,True,70.0,True,130021.0,0,0,130021.0,130023.0,0.0,2.0,44.0,0.0,1.0,1.0
863,46,263,76.0,True,49.0,True,130067.0,0,0,130067.0,130143.0,0.0,76.0,44.0,0.0,1.0,1.0
864,29,247,3.0,True,24.0,True,130096.0,0,1,130144.0,130147.0,48.0,51.0,0.0,0.0,1.0,1.0
865,60,167,29.0,True,106.0,True,130156.0,0,0,130156.0,130185.0,0.0,29.0,9.0,0.0,1.0,1.0
866,135,173,39.0,True,391.0,True,130291.0,0,0,130291.0,130330.0,0.0,39.0,106.0,0.0,1.0,1.0
867,44,128,75.0,True,51.0,True,130335.0,0,0,130335.0,130410.0,0.0,75.0,5.0,0.0,1.0,1.0
868,184,163,1714.0,True,1652.0,True,130519.0,1,0,130519.0,130927.0,0.0,408.0,109.0,0.0,1.0,0.0
869,140,101,15.0,True,12.0,True,130659.0,0,0,130928.0,130928.0,269.0,269.0,0.0,0.0,0.0,0.0
870,268,251,149.0,True,90.0,True,130927.0,0,0,130929.0,131078.0,2.0,151.0,0.0,0.0,1.0,1.0
871,267,98,149.0,True,117.0,True,131194.0,0,0,131194.0,131343.0,0.0,149.0,116.0,0.0,1.0,1.0
872,42,155,4.0,True,41.0,True,131236.0,0,1,131344.0,131348.0,108.0,112.0,0.0,0.0,1.0,1.0
873,134,262,18.0,True,588.0,True,131370.0,0,0,131370.0,131388.0,0.0,18.0,22.0,0.0,1.0,1.0
875,12,6,1841.0,True,165.0,True,131388.0,1,2,131389.0,131674.0,1.0,286.0,0.0,0.0,1.0,0.0
877,196,256,821.0,True,569.0,True,131674.0,1,0,131675.0,131891.0,1.0,217.0,0.0,0.0,1.0,0.0
878,217,153,295.0,True,65.0,True,131891.0,0,0,131892.0,132187.0,1.0,296.0,0.0,0.0,1.0,1.0
874,6,90,2056.0,True,660.0,True,131376.0,0,2,132188.0,132188.0,812.0,812.0,0.0,0.0,0.0,0.0
876,90,178,3428.0,True,2631.0,False,131478.0,0,1,132188.0,132188.0,710.0,710.0,0.0,0.0,0.0,0.0
879,186,158,147.0,True,77.0,True,132077.0,0,1,132188.0,132335.0,111.0,258.0,0.0,0.0,1.0,1.0
880,259,81,1622.0,True,856.0,True,132336.0,1,0,132336.0,132575.0,0.0,239.0,1.0,0.0,1.0,0.0
882,139,185,405.0,True,125.0,True,132575.0,0,0,132576.0,132981.0,1.0,406.0,0.0,0.0,1.0,1.0
881,100,234,221.0,True,185.0,True,132436.0,0,4,132982.0,132982.0,546.0,546.0,0.0,0.0,0.0,0.0
883,19,248,3598.0,False,1036.0,False,132594.0,0,1,132982.0,132982.0,388.0,388.0,0.0,0.0,0.0,0.0
884,59,242,3598.0,False,226.0,True,132653.0,0,2,132982.0,132982.0,329.0,329.0,0.0,0.0,0.0,0.0
885,185,221,30.0,True,216.0,True,132838.0,0,1,132982.0,133012.0,144.0,174.0,0.0,0.0,1.0,1.0
886,165,27,3598.0,False,1337.0,False,133003.0,1,1,133013.0,133320.0,10.0,317.0,0.0,0.0,1.0,0.0
888,236,129,126.0,True,294.0,True,133320.0,0,0,133321.0,133447.0,1.0,127.0,0.0,0.0,1.0,1.0
887,81,127,663.0,True,435.0,True,133084.0,0,1,133448.0,133448.0,364.0,364.0,0.0,0.0,0.0,0.0
889,151,38,744.0,True,394.0,True,133471.0,0,0,133471.0,134215.0,0.0,744.0,24.0,0.0,1.0,1.0
890,76,139,191.0,True,182.0,True,133547.0,0,3,134216.0,134216.0,669.0,669.0,0.0,0.0,0.0,0.0
891,130,174,124.0,True,458.0,True,133677.0,0,1,134216.0,134216.0,539.0,539.0,0.0,0.0,0.0,0.0
892,298,107,270.0,True,282.0,True,133975.0,0,2,134216.0,134216.0,241.0,241.0,0.0,0.0,0.0,0.0
893,266,111,263.0,True,234.0,True,134241.0,0,0,134241.0,134504.0,0.0,263.0,26.0,0.0,1.0,1.0
894,185,27,399.0,True,375.0,True,134426.0,0,1,134505.0,134505.0,79.0,79.0,0.0,0.0,0.0,0.0
895,105,271,3598.0,False,1268.0,False,134531.0,1,0,134531.0,134964.0,0.0,433.0,27.0,0.0,1.0,0.0
897,227,164,3598.0,False,516.0,False,134964.0,1,0,134965.0,135009.0,1.0,45.0,0.0,0.0,1.0,0.0
898,45,128,34.0,True,100.0,True,135009.0,0,0,135010.0,135044.0,1.0,35.0,0.0,0.0,1.0,1.0
896,206,41,215.0,True,1105.0,True,134737.0,0,1,135045.0,135045.0,308.0,308.0,0.0,0.0,0.0,0.0
899,235,112,3598.0,False,354.0,True,135244.0,1,0,135244.0,135278.0,0.0,34.0,200.0,0.0,1.0,0.0
900,6,294,290.0,True,63.0,True,135250.0,0,0,135279.0,135569.0,29.0,319.0,0.0,0.0,1.0,1.0
901,28,57,3598.0,False,752.0,False,135278.0,0,1,135570.0,135570.0,292.0,292.0,0.0,0.0,0.0,0.0
902,177,94,2.0,True,41.0,True,135455.0,0,3,135570.0,135570.0,115.0,115.0,0.0,0.0,0.0,0.0
903,107,265,34.0,True,54.0,True,135562.0,0,1,135570.0,135604.0,8.0,42.0,0.0,0.0,1.0,1.0
904,84,135,53.0,True,56.0,True,135646.0,0,0,135646.0,135699.0,0.0,53.0,42.0,0.0,1.0,1.0
905,153,101,3598.0,False,264.0,True,135799.0,1,0,135799.0,136090.0,0.0,291.0,100.0,0.0,1.0,0.0
906,171,291,6.0,True,32.0,True,135970.0,0,0,136091.0,136097.0,121.0,127.0,0.0,0.0,1.0,1.0
907,120,53,35.0,True,122.0,True,136090.0,0,1,136098.0,136133.0,8.0,43.0,0.0,0.0,1.0,1.0
908,172,226,5.0,True,583.0,True,136262.0,0,0,136262.0,136267.0,0.0,5.0,129.0,0.0,1.0,1.0
909,1,112,289.0,True,57.0,True,136263.0,0,1,136268.0,136557.0,5.0,294.0,0.0,0.0,1.0,1.0
910,8,39,54.0,True,136.0,True,136271.0,0,4,136558.0,136558.0,287.0,287.0,0.0,0.0,0.0,0.0
911,4,203,3598.0,False,1310.0,False,136275.0,0,1,136558.0,136558.0,283.0,283.0,0.0,0.0,0.0,0.0
913,39,193,196.0,True,224.0,False,136472.0,0,2,136558.0,136754.0,86.0,282.0,0.0,0.0,1.0,1.0
912,158,263,2723.0,True,1203.0,True,136433.0,0,1,136755.0,136755.0,322.0,322.0,0.0,0.0,0.0,0.0
914,250,234,3598.0,False,213.0,False,136722.0,1,1,136755.0,136976.0,33.0,254.0,0.0,0.0,1.0,0.0
916,80,98,149.0,True,96.0,True,136976.0,0,0,136977.0,137126.0,1.0,150.0,0.0,0.0,1.0,1.0
917,33,136,117.0,True,53.0,True,137009.0,0,2,137127.0,137244.0,118.0,235.0,0.0,0.0,1.0,1.0
915,174,296,184.0,True,227.0,False,136896.0,0,1,137245.0,137245.0,349.0,349.0,0.0,0.0,0.0,0.0
918,242,168,3598.0,False,878.0,False,137251.0,1,0,137251.0,137455.0,0.0,204.0,7.0,0.0,1.0,0.0
920,197,241,16.0,True,12.0,True,137455.0,0,0,137456.0,137472.0,1.0,17.0,0.0,0.0,1.0,1.0
919,7,178,3598.0,False,1381.0,False,137258.0,0,1,137473.0,137473.0,215.0,215.0,0.0,0.0,0.0,0.0
921,196,40,10.0,True,12.0,True,137651.0,0,0,137651.0,137661.0,0.0,10.0,179.0,0.0,1.0,1.0
922,13,173,3598.0,False,362.0,True,137664.0,1,0,137664.0,138018.0,0.0,354.0,3.0,0.0,1.0,0.0
923,141,290,1.0,True,6.0,True,137805.0,0,0,138019.0,138020.0,214.0,215.0,0.0,0.0,1.0,1.0
924,213,128,45.0,True,200.0,True,138018.0,0,1,138021.0,138066.0,3.0,48.0,0.0,0.0,1.0,1.0
925,47,91,16.0,True,68.0,True,138065.0,0,1,138067.0,138083.0,2.0,18.0,0.0,0.0,1.0,1.0
926,142,133,2.0,True,27.0,True,138207.0,0,0,138207.0,138209.0,0.0,2.0,124.0,0.0,1.0,1.0
927,289,19,53.0,True,120.0,True,138496.0,0,0,138496.0,138549.0,0.0,53.0,287.0,0.0,1.0,1.0
928,224,28,2.0,True,4.0,True,138720.0,0,0,138720.0,138722.0,0.0,2.0,171.0,0.0,1.0,1.0
929,269,16,39.0,True,35.0,True,138989.0,0,0,138989.0,139028.0,0.0,39.0,267.0,0.0,1.0,1.0
930,131,211,31.0,True,25.0,True,139120.0,0,0,139120.0,139151.0,0.0,31.0,92.0,0.0,1.0,1.0
931,255,231,6.0,True,88.0,True,139375.0,0,0,139375.0,139381.0,0.0,6.0,224.0,0.0,1.0,1.0
932,126,125,22.0,True,33.0,True,139501.0,0,0,139501.0,139523.0,0.0,22.0,120.0,0.0,1.0,1.0
933,103,51,263.0,True,470.0,True,139604.0,0,0,139604.0,139867.0,0.0,263.0,81.0,0.0,1.0,1.0
934,94,128,231.0,True,101.0,True,139698.0,0,1,139868.0,139868.0,170.0,170.0,0.0,0.0,0.0,0.0
935,219,265,16.0,True,402.0,False,139917.0,0,0,139917.0,139933.0,0.0,16.0,50.0,0.0,1.0,1.0
936,169,295,43.0,True,26.0,True,140086.0,0,0,140086.0,140129.0,0.0,43.0,153.0,0.0,1.0,1.0
937,238,281,15.0,True,29.0,True,140324.0,0,0,140324.0,140339.0,0.0,15.0,195.0,0.0,1.0,1.0
938,204,182,23.0,True,23.0,True,140528.0,0,0,140528.0,140551.0,0.0,23.0,189.0,0.0,1.0,1.0
939,211,90,3.0,True,24.0,True,140739.0,0,0,140739.0,140742.0,0.0,3.0,188.0,0.0,1.0,1.0
940,156,63,123.0,True,94.0,True,140895.0,0,0,140895.0,141018.0,0.0,123.0,153.0,0.0,1.0,1.0
941,242,9,102.0,True,340.0,True,141137.0,0,0,141137.0,141239.0,0.0,102.0,119.0,0.0,1.0,1.0
942,43,262,589.0,True,289.0,True,141180.0,1,1,141240.0,141482.0,60.0,302.0,0.0,0.0,1.0,0.0
943,90,195,2.0,True,17.0,True,141270.0,0,0,141483.0,141483.0,213.0,213.0,0.0,0.0,0.0,0.0
944,212,151,2.0,True,22.0,True,141482.0,0,0,141484.0,141486.0,2.0,4.0,0.0,0.0,1.0,1.0
945,198,97,167.0,True,241.0,True,141680.0,0,0,141680.0,141847.0,0.0,167.0,194.0,0.0,1.0,1.0
947,41,52,132.0,True,40.0,True,141836.0,0,2,141848.0,141980.0,12.0,144.0,0.0,0.0,1.0,1.0
946,115,204,630.0,True,185.0,True,141795.0,0,1,141981.0,142611.0,186.0,816.0,0.0,0.0,1.0,1.0
948,227,60,71.0,True,553.0,True,142063.0,0,1,142612.0,142612.0,549.0,549.0,0.0,0.0,0.0,0.0
949,257,274,20.0,True,40.0,True,142320.0,0,2,142612.0,142612.0,292.0,292.0,0.0,0.0,0.0,0.0
950,290,110,2.0,True,26.0,True,142610.0,0,1,142612.0,142614.0,2.0,4.0,0.0,0.0,1.0,1.0
951,109,188,339.0,True,240.0,True,142719.0,0,0,142719.0,143058.0,0.0,339.0,105.0,0.0,1.0,1.0
952,46,287,5.0,True,32.0,True,142765.0,0,1,143059.0,143059.0,294.0,294.0,0.0,0.0,0.0,0.0
953,180,292,17.0,True,24.0,True,142945.0,0,1,143059.0,143076.0,114.0,131.0,0.0,0.0,1.0,1.0
954,174,204,11.0,True,501.0,True,143119.0,0,0,143119.0,143130.0,0.0,11.0,43.0,0.0,1.0,1.0
955,136,120,21.0,True,49.0,True,143255.0,0,0,143255.0,143276.0,0.0,21.0,125.0,0.0,1.0,1.0
956,23,255,7.0,True,119.0,True,143278.0,0,0,143278.0,143285.0,0.0,7.0,2.0,0.0,1.0,1.0
957,252,34,131.0,True,19.0,True,143530.0,0,0,143530.0,143661.0,0.0,131.0,245.0,0.0,1.0,1.0
958,158,294,72.0,True,246.0,True,143688.0,0,0,143688.0,143760.0,0.0,72.0,27.0,0.0,1.0,1.0
959,91,281,7.0,True,30.0,True,143779.0,0,0,143779.0,143786.0,0.0,7.0,19.0,0.0,1.0,1.0
960,275,101,875.0,True,21.0,True,144054.0,1,0,144054.0,144360.0,0.0,306.0,268.0,0.0,1.0,0.0
961,123,276,214.0,True,201.0,False,144177.0,0,0,144361.0,144575.0,184.0,398.0,0.0,0.0,1.0,1.0
962,183,186,189.0,True,211.0,False,144360.0,0,1,144576.0,144576.0,216.0,216.0,0.0,0.0,0.0,0.0
963,262,136,124.0,True,127.0,True,144622.0,0,0,144622.0,144746.0,0.0,124.0,47.0,0.0,1.0,1.0
964,113,108,110.0,True,149.0,True,144735.0,0,1,144747.0,144857.0,12.0,122.0,0.0,0.0,1.0,1.0
965,149,76,3598.0,False,2858.0,False,144884.0,1,0,144884.0,145325.0,0.0,441.0,27.0,0.0,1.0,0.0
966,264,214,455.0,True,404.0,True,145148.0,0,0,145326.0,145781.0,178.0,633.0,0.0,0.0,1.0,1.0
967,177,83,3598.0,False,1420.0,False,145325.0,0,1,145782.0,145782.0,457.0,457.0,0.0,0.0,0.0,0.0
968,271,180,3.0,True,2.0,True,145596.0,0,2,145782.0,145782.0,186.0,186.0,0.0,0.0,0.0,0.0
969,298,119,219.0,True,301.0,True,145894.0,0,0,145894.0,146113.0,0.0,219.0,113.0,0.0,1.0,1.0
970,178,62,3598.0,False,2461.0,False,146072.0,1,2,146114.0,146156.0,42.0,84.0,0.0,0.0,1.0,0.0
972,79,270,2.0,True,1.0,True,146156.0,0,0,146157.0,146159.0,1.0,3.0,0.0,0.0,1.0,1.0
971,5,258,3598.0,False,3062.0,False,146077.0,1,1,146160.0,146395.0,83.0,318.0,0.0,0.0,1.0,0.0
973,86,226,3.0,True,49.0,True,146242.0,0,0,146396.0,146399.0,154.0,157.0,0.0,0.0,1.0,1.0
974,153,278,426.0,True,614.0,True,146395.0,1,1,146400.0,146702.0,5.0,307.0,0.0,0.0,1.0,0.0
978,195,72,35.0,True,36.0,True,146702.0,0,0,146703.0,146738.0,1.0,36.0,0.0,0.0,1.0,1.0
975,38,144,3598.0,False,593.0,True,146433.0,0,1,146739.0,146739.0,306.0,306.0,0.0,0.0,0.0,0.0
976,28,125,71.0,True,65.0,True,146461.0,0,3,146739.0,146739.0,278.0,278.0,0.0,0.0,0.0,0.0
977,46,141,740.0,True,392.0,True,146507.0,0,2,146739.0,146739.0,232.0,232.0,0.0,0.0,0.0,0.0
979,271,106,3084.0,True,1634.0,False,146973.0,1,0,146973.0,147379.0,0.0,406.0,235.0,0.0,1.0,0.0
980,183,193,29.0,True,108.0,True,147156.0,0,0,147380.0,147380.0,224.0,224.0,0.0,0.0,0.0,0.0
981,223,78,29.0,True,361.0,True,147379.0,0,0,147381.0,147410.0,2.0,31.0,0.0,0.0,1.0,1.0
982,238,31,7.0,True,29.0,True,147617.0,0,0,147617.0,147624.0,0.0,7.0,207.0,0.0,1.0,1.0
983,274,273,230.0,True,188.0,True,147891.0,0,0,147891.0,148121.0,0.0,230.0,267.0,0.0,1.0,1.0
984,248,107,3.0,True,34.0,True,148139.0,0,0,148139.0,148142.0,0.0,3.0,18.0,0.0,1.0,1.0
985,125,134,92.0,True,64.0,True,148264.0,0,0,148264.0,148356.0,0.0,92.0,122.0,0.0,1.0,1.0
986,173,101,12.0,True,37.0,True,148437.0,0,0,148437.0,148449.0,0.0,12.0,81.0,0.0,1.0,1.0
987,95,55,2.0,True,31.0,True,148532.0,0,0,148532.0,148534.0,0.0,2.0,83.0,0.0,1.0,1.0
988,149,279,654.0,True,382.0,True,148681.0,1,0,148681.0,148894.0,0.0,213.0,147.0,0.0,1.0,0.0
989,179,63,15.0,True,21.0,True,148860.0,0,0,148895.0,148910.0,35.0,50.0,0.0,0.0,1.0,1.0
990,34,173,22.0,True,31.0,True,148894.0,0,1,148911.0,148933.0,17.0,39.0,0.0,0.0,1.0,1.0
991,253,284,8.0,True,72.0,True,149147.0,0,0,149147.0,149155.0,0.0,8.0,214.0,0.0,1.0,1.0
992,293,156,2.0,True,13.0,True,149440.0,0,0,149440.0,149442.0,0.0,2.0,285.0,0.0,1.0,1.0
993,193,39,9.0,True,54.0,True,149633.0,0,0,149633.0,149642.0,0.0,9.0,191.0,0.0,1.0,1.0
994,82,282,3598.0,False,1100.0,False,149715.0,1,0,149715.0,149914.0,0.0,199.0,73.0,0.0,1.0,0.0
996,69,226,5.0,True,16.0,True,149914.0,0,0,149915.0,149920.0,1.0,6.0,0.0,0.0,1.0,1.0
995,130,269,74.0,True,77.0,True,149845.0,0,1,149921.0,149995.0,76.0,150.0,0.0,0.0,1.0,1.0
997,186,146,72.0,True,78.0,True,150100.0,0,0,150100.0,150172.0,0.0,72.0,105.0,0.0,1.0,1.0
998,254,108,5.0,True,12.0,True,150354.0,0,0,150354.0,150359.0,0.0,5.0,182.0,0.0,1.0,1.0
999,213,200,178.0,True,143.0,True,150567.0,0,0,150567.0,150745.0,0.0,178.0,208.0,0.0,1.0,1.0
1000,276,40,272.0,True,227.0,True,150843.0,0,0,150843.0,151115.0,0.0,272.0,98.0,0.0,1.0,1.0
1001,104,205,288.0,True,268.0,True,150947.0,0,1,151116.0,151404.0,169.0,457.0,0.0,0.0,1.0,1.0
1002,174,142,231.0,True,92.0,True,151121.0,0,1,151405.0,151405.0,284.0,284.0,0.0,0.0,0.0,0.0
1003,286,118,220.0,True,1097.0,True,151407.0,0,0,151407.0,151627.0,0.0,220.0,3.0,0.0,1.0,1.0
1004,277,63,22.0,True,29.0,True,151684.0,0,0,151684.0,151706.0,0.0,22.0,57.0,0.0,1.0,1.0
1005,90,85,273.0,True,115.0,True,151774.0,0,0,151774.0,152047.0,0.0,273.0,68.0,0.0,1.0,1.0
1007,129,10,10.0,True,62.0,True,151914.0,0,3,152048.0,152048.0,134.0,134.0,0.0,0.0,0.0,0.0
1008,62,10,52.0,True,126.0,True,151976.0,0,2,152048.0,152048.0,72.0,72.0,0.0,0.0,0.0,0.0
1006,11,281,101.0,True,154.0,True,151785.0,0,1,152048.0,152149.0,263.0,364.0,0.0,0.0,1.0,1.0
1009,236,113,88.0,True,285.0,True,152212.0,0,0,152212.0,152300.0,0.0,88.0,63.0,0.0,1.0,1.0
1010,66,5,3598.0,False,250.0,True,152278.0,0,1,152301.0,152301.0,23.0,23.0,0.0,0.0,0.0,0.0
1011,51,2,3598.0,False,689.0,False,152329.0,1,0,152329.0,152840.0,0.0,511.0,29.0,0.0,1.0,0.0
1012,266,66,3598.0,False,218.0,False,152595.0,0,0,152841.0,152841.0,246.0,246.0,0.0,0.0,0.0,0.0
1013,245,171,190.0,True,218.0,False,152840.0,0,0,152842.0,153032.0,2.0,192.0,0.0,0.0,1.0,1.0
1014,204,51,162.0,True,142.0,True,153044.0,0,0,153044.0,153206.0,0.0,162.0,12.0,0.0,1.0,1.0
1015,46,204,108.0,True,131.0,True,153090.0,0,2,153207.0,153315.0,117.0,225.0,0.0,0.0,1.0,1.0
1017,81,279,6.0,True,4.0,True,153260.0,0,3,153316.0,153322.0,56.0,62.0,0.0,0.0,1.0,1.0
1018,20,154,6.0,True,4.0,True,153280.0,0,2,153323.0,153329.0,43.0,49.0,0.0,0.0,1.0,1.0
1016,89,184,231.0,True,170.0,True,153179.0,0,1,153330.0,153561.0,151.0,382.0,0.0,0.0,1.0,1.0
1019,201,203,3598.0,False,2410.0,False,153481.0,1,1,153562.0,153804.0,81.0,323.0,0.0,0.0,1.0,0.0
1020,297,73,3.0,True,2.0,True,153778.0,0,0,153805.0,153808.0,27.0,30.0,0.0,0.0,1.0,1.0
1021,26,144,1289.0,True,462.0,False,153804.0,1,1,153809.0,154050.0,5.0,246.0,0.0,0.0,1.0,0.0
1024,55,288,228.0,True,67.0,True,154050.0,0,0,154051.0,154279.0,1.0,229.0,0.0,0.0,1.0,1.0
1022,38,256,17.0,True,106.0,True,153842.0,0,4,154280.0,154280.0,438.0,438.0,0.0,0.0,0.0,0.0
1026,144,50,5.0,True,109.0,True,154241.0,0,3,154280.0,154285.0,39.0,44.0,0.0,0.0,1.0,1.0
1025,47,268,3598.0,False,384.0,True,154097.0,1,2,154286.0,154496.0,189.0,399.0,0.0,0.0,1.0,0.0
1027,255,193,7.0,True,536.0,True,154496.0,0,0,154497.0,154504.0,1.0,8.0,0.0,0.0,1.0,1.0
1023,153,291,33.0,True,1722.0,False,153995.0,0,1,154505.0,154505.0,510.0,510.0,0.0,0.0,0.0,0.0
1028,255,268,10.0,True,1173.0,False,154751.0,0,0,154751.0,154761.0,0.0,10.0,247.0,0.0,1.0,1.0
1029,56,207,3598.0,False,422.0,True,154807.0,1,0,154807.0,155174.0,0.0,367.0,46.0,0.0,1.0,0.0
1031,81,131,8.0,True,104.0,True,155174.0,0,0,155175.0,155183.0,1.0,9.0,0.0,0.0,1.0,1.0
1030,286,175,23.0,True,264.0,True,155093.0,0,1,155184.0,155207.0,91.0,114.0,0.0,0.0,1.0,1.0
1032,68,232,10.0,True,255.0,True,155242.0,0,0,155242.0,155252.0,0.0,10.0,35.0,0.0,1.0,1.0
1033,274,78,8.0,True,1446.0,False,155516.0,0,0,155516.0,155524.0,0.0,8.0,264.0,0.0,1.0,1.0
1034,250,178,55.0,True,317.0,True,155766.0,0,0,155766.0,155821.0,0.0,55.0,242.0,0.0,1.0,1.0
1035,83,191,3598.0,False,2260.0,False,155849.0,1,0,155849.0,156233.0,0.0,384.0,28.0,0.0,1.0,0.0
1036,161,202,1634.0,True,2019.0,True,156010.0,0,0,156234.0,156234.0,224.0,224.0,0.0,0.0,0.0,0.0
1037,223,163,3598.0,False,2104.0,False,156233.0,1,0,156235.0,156580.0,2.0,347.0,0.0,0.0,1.0,0.0
1038,97,75,3598.0,False,1946.0,False,156330.0,0,0,156581.0,156581.0,251.0,251.0,0.0,0.0,0.0,0.0
1039,250,217,3598.0,False,2704.0,False,156580.0,1,0,156582.0,156809.0,2.0,229.0,0.0,0.0,1.0,0.0
1041,190,37,3598.0,False,1593.0,False,156809.0,1,0,156810.0,156877.0,1.0,68.0,0.0,0.0,1.0,0.0
1042,68,114,56.0,True,116.0,True,156877.0,0,0,156878.0,156934.0,1.0,57.0,0.0,0.0,1.0,1.0
1040,39,290,1928.0,True,2698.0,False,156619.0,0,1,156935.0,156935.0,316.0,316.0,0.0,0.0,0.0,0.0
1043,39,69,3598.0,False,598.0,False,156916.0,1,1,156935.0,157136.0,19.0,220.0,0.0,0.0,1.0,0.0
1044,42,188,64.0,True,66.0,True,156958.0,0,0,157137.0,157201.0,179.0,243.0,0.0,0.0,1.0,1.0
1045,178,63,3598.0,False,813.0,False,157136.0,0,1,157202.0,157202.0,66.0,66.0,0.0,0.0,0.0,0.0
1046,58,108,494.0,True,93.0,True,157194.0,0,1,157202.0,157696.0,8.0,502.0,0.0,0.0,1.0,1.0
1047,124,183,2698.0,True,1077.0,True,157318.0,0,2,157697.0,157697.0,379.0,379.0,0.0,0.0,0.0,0.0
1048,291,168,3598.0,False,1283.0,False,157609.0,1,1,157697.0,157869.0,88.0,260.0,0.0,0.0,1.0,0.0
1049,176,276,3598.0,False,469.0,True,157785.0,1,0,157870.0,157928.0,85.0,143.0,0.0,0.0,1.0,0.0
1051,59,208,3598.0,False,2209.0,True,157928.0,1,0,157929.0,157968.0,1.0,40.0,0.0,0.0,1.0,0.0
1052,40,99,3598.0,False,2163.0,False,157968.0,1,0,157969.0,157979.0,1.0,11.0,0.0,0.0,1.0,0.0
1053,11,61,3598.0,False,1928.0,False,157979.0,1,0,157980.0,158098.0,1.0,119.0,0.0,0.0,1.0,0.0
1054,119,89,3598.0,False,1130.0,False,158098.0,1,0,158099.0,158146.0,1.0,48.0,0.0,0.0,1.0,0.0
1055,48,249,3598.0,False,1571.0,False,158146.0,1,0,158147.0,158330.0,1.0,184.0,0.0,0.0,1.0,0.0
1056,184,145,3598.0,False,548.0,False,158330.0,1,0,158331.0,158469.0,1.0,139.0,0.0,0.0,1.0,0.0
1057,139,42,3598.0,False,2286.0,False,158469.0,1,0,158470.0,158511.0,1.0,42.0,0.0,0.0,1.0,0.0
1050,84,46,3598.0,False,2637.0,False,157869.0,0,0,158512.0,158512.0,643.0,643.0,0.0,0.0,0.0,0.0
1058,42,181,3598.0,False,2755.0,False,158511.0,1,0,158513.0,158717.0,2.0,206.0,0.0,0.0,1.0,0.0
1059,75,237,81.0,True,29.0,True,158586.0,0,0,158718.0,158799.0,132.0,213.0,0.0,0.0,1.0,1.0
1060,131,249,143.0,True,309.0,True,158717.0,0,1,158800.0,158943.0,83.0,226.0,0.0,0.0,1.0,1.0
1061,251,127,27.0,True,23.0,True,158968.0,0,0,158968.0,158995.0,0.0,27.0,25.0,0.0,1.0,1.0
1062,290,268,289.0,True,85.0,True,159258.0,0,0,159258.0,159547.0,0.0,289.0,263.0,0.0,1.0,1.0
1063,32,66,3598.0,False,2911.0,False,159290.0,0,1,159548.0,159548.0,258.0,258.0,0.0,0.0,0.0,0.0
1064,98,288,3598.0,False,1672.0,False,159388.0,1,1,159548.0,159639.0,160.0,251.0,0.0,0.0,1.0,0.0
1065,240,276,823.0,True,544.0,True,159628.0,0,0,159640.0,160463.0,12.0,835.0,0.0,0.0,1.0,1.0
1066,11,212,11.0,True,744.0,False,159639.0,0,6,160464.0,160464.0,825.0,825.0,0.0,0.0,0.0,0.0
1067,147,45,189.0,True,1194.0,False,159786.0,0,5,160464.0,160464.0,678.0,678.0,0.0,0.0,0.0,0.0
1068,19,211,65.0,True,1726.0,False,159805.0,0,4,160464.0,160464.0,659.0,659.0,0.0,0.0,0.0,0.0
1069,16,149,1349.0,True,1858.0,False,159821.0,0,2,160464.0,160464.0,643.0,643.0,0.0,0.0,0.0,0.0
1070,171,238,3598.0,False,1775.0,False,159992.0,0,3,160464.0,160464.0,472.0,472.0,0.0,0.0,0.0,0.0
1071,12,192,12.0,True,2918.0,False,160004.0,0,1,160464.0,160464.0,460.0,460.0,0.0,0.0,0.0,0.0
1072,258,269,3598.0,False,524.0,True,160262.0,1,1,160464.0,160567.0,202.0,305.0,0.0,0.0,1.0,0.0
1074,89,244,169.0,True,1742.0,False,160567.0,0,0,160568.0,160737.0,1.0,170.0,0.0,0.0,1.0,1.0
1073,216,198,13.0,True,2838.0,False,160478.0,0,1,160738.0,160738.0,260.0,260.0,0.0,0.0,0.0,0.0
1075,125,212,100.0,True,133.0,True,160692.0,0,1,160738.0,160838.0,46.0,146.0,0.0,0.0,1.0,1.0
1076,113,134,147.0,True,215.0,True,160805.0,0,1,160839.0,160986.0,34.0,181.0,0.0,0.0,1.0,1.0
1077,146,5,95.0,True,67.0,True,160951.0,0,1,160987.0,160987.0,36.0,36.0,0.0,0.0,0.0,0.0
1078,254,196,1779.0,True,364.0,True,161205.0,1,0,161205.0,161465.0,0.0,260.0,219.0,0.0,1.0,0.0
1080,94,121,1.0,True,4.0,True,161465.0,0,0,161466.0,161467.0,1.0,2.0,0.0,0.0,1.0,1.0
1079,166,266,359.0,True,336.0,True,161371.0,1,1,161468.0,161785.0,97.0,414.0,0.0,0.0,1.0,0.0
1083,5,32,2.0,True,1.0,True,161785.0,0,0,161786.0,161788.0,1.0,3.0,0.0,0.0,1.0,1.0
1081,145,118,29.0,True,92.0,True,161610.0,0,1,161789.0,161789.0,179.0,179.0,0.0,0.0,0.0,0.0
1082,170,94,2.0,True,2.0,True,161780.0,0,1,161789.0,161791.0,9.0,11.0,0.0,0.0,1.0,1.0
1084,289,180,3.0,True,3.0,True,162074.0,0,0,162074.0,162077.0,0.0,3.0,283.0,0.0,1.0,1.0
1085,140,20,3.0,True,51.0,True,162214.0,0,0,162214.0,162217.0,0.0,3.0,137.0,0.0,1.0,1.0
1086,30,288,9.0,True,4.0,True,162244.0,0,0,162244.0,162253.0,0.0,9.0,27.0,0.0,1.0,1.0
1087,276,78,2.0,True,2.0,True,162520.0,0,0,162520.0,162522.0,0.0,2.0,267.0,0.0,1.0,1.0
1088,85,159,170.0,True,182.0,True,162605.0,0,0,162605.0,162775.0,0.0,170.0,83.0,0.0,1.0,1.0
1090,39,14,3.0,True,3.0,True,162697.0,0,2,162776.0,162776.0,79.0,79.0,0.0,0.0,0.0,0.0
1091,46,251,2.0,True,2.0,True,162743.0,0,2,162776.0,162778.0,33.0,35.0,0.0,0.0,1.0,1.0
1089,53,236,3.0,True,25.0,True,162658.0,0,1,162779.0,162782.0,121.0,124.0,0.0,0.0,1.0,1.0
1092,287,268,2.0,True,3.0,True,163030.0,0,0,163030.0,163032.0,0.0,2.0,248.0,0.0,1.0,1.0
1093,281,174,3.0,True,3.0,True,163311.0,0,0,163311.0,163314.0,0.0,3.0,279.0,0.0,1.0,1.0
1094,168,243,3598.0,False,1413.0,False,163479.0,1,0,163479.0,163692.0,0.0,213.0,165.0,0.0,1.0,0.0
1096,164,257,2.0,True,2.0,True,163692.0,0,0,163693.0,163695.0,1.0,3.0,0.0,0.0,1.0,1.0
1095,49,199,4.0,True,44.0,True,163528.0,0,1,163696.0,163700.0,168.0,172.0,0.0,0.0,1.0,1.0
1097,293,195,2.0,True,2.0,True,163985.0,0,0,163985.0,163987.0,0.0,2.0,285.0,0.0,1.0,1.0
1098,99,56,2.0,True,2.0,True,164084.0,0,0,164084.0,164086.0,0.0,2.0,97.0,0.0,1.0,1.0
1099,56,249,2.0,True,2.0,True,164140.0,0,0,164140.0,164142.0,0.0,2.0,54.0,0.0,1.0,1.0
1100,109,25,2.0,True,2.0,True,164249.0,0,0,164249.0,164251.0,0.0,2.0,107.0,0.0,1.0,1.0
1101,272,17,3.0,True,2.0,True,164521.0,0,0,164521.0,164524.0,0.0,3.0,270.0,0.0,1.0,1.0
1102,290,270,4.0,True,52.0,True,164811.0,0,0,164811.0,164815.0,0.0,4.0,287.0,0.0,1.0,1.0
1103,14,88,4.0,True,21.0,True,164825.0,0,0,164825.0,164829.0,0.0,4.0,10.0,0.0,1.0,1.0
1104,244,147,5.0,True,33.0,True,165069.0,0,0,165069.0,165074.0,0.0,5.0,240.0,0.0,1.0,1.0
1105,62,132,1.0,True,2.0,True,165131.0,0,0,165131.0,165132.0,0.0,1.0,57.0,0.0,1.0,1.0
1106,103,298,32.0,True,115.0,True,165234.0,0,0,165234.0,165266.0,0.0,32.0,102.0,0.0,1.0,1.0
1107,224,133,1.0,True,1.0,True,165458.0,0,0,165458.0,165459.0,0.0,1.0,192.0,0.0,1.0,1.0
1108,12,229,1.0,True,2.0,True,165470.0,0,0,165470.0,165471.0,0.0,1.0,11.0,0.0,1.0,1.0
1109,65,286,1.0,True,1.0,True,165535.0,0,0,165535.0,165536.0,0.0,1.0,64.0,0.0,1.0,1.0
1110,62,176,251.0,True,118.0,True,165597.0,0,0,165597.0,165848.0,0.0,251.0,61.0,0.0,1.0,1.0
1111,184,110,4.0,True,55.0,True,165781.0,0,1,165849.0,165853.0,68.0,72.0,0.0,0.0,1.0,1.0
1112,249,95,672.0,True,343.0,True,166030.0,1,0,166030.0,166270.0,0.0,240.0,177.0,0.0,1.0,0.0
1113,211,128,1.0,True,37.0,True,166241.0,0,0,166271.0,166272.0,30.0,31.0,0.0,0.0,1.0,1.0
1114,29,220,735.0,True,206.0,True,166270.0,0,1,166273.0,167008.0,3.0,738.0,0.0,0.0,1.0,1.0
1115,139,13,14.0,True,451.0,False,166409.0,0,1,167009.0,167009.0,600.0,600.0,0.0,0.0,0.0,0.0
1116,260,208,135.0,True,380.0,True,166669.0,0,3,167009.0,167009.0,340.0,340.0,0.0,0.0,0.0,0.0
1117,293,41,44.0,True,405.0,True,166962.0,0,2,167009.0,167009.0,47.0,47.0,0.0,0.0,0.0,0.0
1118,241,82,262.0,True,346.0,True,167203.0,0,0,167203.0,167465.0,0.0,262.0,195.0,0.0,1.0,1.0
1119,246,32,399.0,True,275.0,True,167449.0,0,1,167466.0,167865.0,17.0,416.0,0.0,0.0,1.0,1.0
1120,238,187,2.0,True,13.0,True,167687.0,0,3,167866.0,167868.0,179.0,181.0,0.0,0.0,1.0,1.0
1122,7,211,3229.0,True,39.0,True,167865.0,1,2,167869.0,167965.0,4.0,100.0,0.0,0.0,1.0,0.0
1121,171,285,134.0,True,42.0,True,167858.0,0,0,167966.0,168100.0,108.0,242.0,0.0,0.0,1.0,1.0
1123,100,10,511.0,True,1254.0,True,167965.0,0,1,168101.0,168101.0,136.0,136.0,0.0,0.0,0.0,0.0
1124,242,111,3598.0,False,165.0,True,168207.0,1,0,168207.0,168426.0,0.0,219.0,107.0,0.0,1.0,0.0
1126,124,83,3598.0,False,175.0,True,168426.0,1,0,168427.0,168590.0,1.0,164.0,0.0,0.0,1.0,0.0
1125,95,274,10.0,True,201.0,True,168302.0,0,0,168591.0,168591.0,289.0,289.0,0.0,0.0,0.0,0.0
1127,164,137,3598.0,False,325.0,False,168590.0,1,0,168592.0,169113.0,2.0,523.0,0.0,0.0,1.0,0.0
1129,266,133,89.0,True,16.0,True,169113.0,0,0,169114.0,169203.0,1.0,90.0,0.0,0.0,1.0,1.0
1128,257,156,19.0,True,41.0,True,168847.0,0,1,169204.0,169204.0,357.0,357.0,0.0,0.0,0.0,0.0
1130,278,79,458.0,True,31.0,True,169391.0,0,0,169391.0,169849.0,0.0,458.0,188.0,0.0,1.0,1.0
1131,70,157,89.0,True,364.0,True,169461.0,0,1,169850.0,169850.0,389.0,389.0,0.0,0.0,0.0,0.0
1132,75,168,27.0,True,44.0,True,169536.0,0,4,169850.0,169850.0,314.0,314.0,0.0,0.0,0.0,0.0
1133,47,299,133.0,True,63.0,True,169583.0,0,2,169850.0,169983.0,267.0,400.0,0.0,0.0,1.0,1.0
1134,213,296,27.0,True,177.0,False,169796.0,0,2,169984.0,170011.0,188.0,215.0,0.0,0.0,1.0,1.0
1135,131,239,1189.0,True,432.0,True,169927.0,1,1,170012.0,170060.0,85.0,133.0,0.0,0.0,1.0,0.0
1137,46,159,1463.0,True,103.0,True,170060.0,1,0,170061.0,170297.0,1.0,237.0,0.0,0.0,1.0,0.0
1139,16,165,77.0,True,61.0,True,170297.0,0,0,170298.0,170375.0,1.0,78.0,0.0,0.0,1.0,1.0
1136,87,254,40.0,True,115.0,True,170014.0,0,2,170376.0,170376.0,362.0,362.0,0.0,0.0,0.0,0.0
1138,221,154,3304.0,True,2631.0,False,170281.0,1,1,170376.0,170538.0,95.0,257.0,0.0,0.0,1.0,0.0
1140,161,248,81.0,True,73.0,True,170458.0,0,0,170539.0,170620.0,81.0,162.0,0.0,0.0,1.0,1.0
1141,80,164,509.0,True,133.0,True,170538.0,1,2,170621.0,170719.0,83.0,181.0,0.0,0.0,1.0,0.0
1142,45,117,520.0,True,249.0,True,170583.0,0,0,170720.0,170720.0,137.0,137.0,0.0,0.0,0.0,0.0
1144,83,35,3598.0,False,327.0,True,170719.0,1,0,170721.0,170918.0,2.0,199.0,0.0,0.0,1.0,0.0
1145,199,122,306.0,True,181.0,True,170918.0,0,0,170919.0,171225.0,1.0,307.0,0.0,0.0,1.0,1.0
1143,53,32,3598.0,False,604.0,False,170636.0,0,1,171226.0,171226.0,590.0,590.0,0.0,0.0,0.0,0.0
1146,37,140,3598.0,False,234.0,True,170955.0,0,3,171226.0,171226.0,271.0,271.0,0.0,0.0,0.0,0.0
1147,222,217,27.0,True,19.0,True,171177.0,0,2,171226.0,171253.0,49.0,76.0,0.0,0.0,1.0,1.0
1148,25,202,3598.0,False,310.0,True,171202.0,1,1,171254.0,171289.0,52.0,87.0,0.0,0.0,1.0,0.0
1150,25,270,3598.0,False,1490.0,False,171289.0,1,0,171290.0,171490.0,1.0,201.0,0.0,0.0,1.0,0.0
1151,201,229,13.0,True,191.0,True,171490.0,0,0,171491.0,171504.0,1.0,14.0,0.0,0.0,1.0,1.0
1149,62,201,3598.0,False,1656.0,False,171264.0,0,1,171505.0,171505.0,241.0,241.0,0.0,0.0,0.0,0.0
1152,128,4,41.0,True,134.0,True,171618.0,0,0,171618.0,171659.0,0.0,41.0,114.0,0.0,1.0,1.0
1153,280,285,31.0,True,453.0,True,171898.0,0,0,171898.0,171929.0,0.0,31.0,239.0,0.0,1.0,1.0
1154,16,129,1473.0,True,267.0,True,171914.0,1,1,171930.0,172049.0,16.0,135.0,0.0,0.0,1.0,0.0
1156,63,208,140.0,True,89.0,True,172049.0,0,0,172050.0,172190.0,1.0,141.0,0.0,0.0,1.0,1.0
1155,72,99,41.0,True,214.0,True,171986.0,0,2,172191.0,172191.0,205.0,205.0,0.0,0.0,0.0,0.0
1157,28,99,3598.0,False,2938.0,False,172077.0,0,1,172191.0,172191.0,114.0,114.0,0.0,0.0,0.0,0.0
1158,270,238,20.0,True,45.0,True,172347.0,0,0,172347.0,172367.0,0.0,20.0,157.0,0.0,1.0,1.0
1159,65,235,3598.0,False,771.0,False,172412.0,1,0,172412.0,172526.0,0.0,114.0,45.0,0.0,1.0,0.0
1161,26,23,19.0,True,22.0,True,172526.0,0,0,172527.0,172546.0,1.0,20.0,0.0,0.0,1.0,1.0
1160,88,282,3598.0,False,2291.0,False,172500.0,1,1,172547.0,172567.0,47.0,67.0,0.0,0.0,1.0,0.0
1162,28,228,7.0,True,154.0,True,172554.0,0,0,172568.0,172575.0,14.0,21.0,0.0,0.0,1.0,1.0
1163,13,199,382.0,True,367.0,True,172567.0,0,1,172576.0,172958.0,9.0,391.0,0.0,0.0,1.0,1.0
1164,164,177,3598.0,False,22.0,True,172731.0,0,1,172959.0,172959.0,228.0,228.0,0.0,0.0,0.0,0.0
1165,182,39,2.0,True,10.0,True,172913.0,0,2,172959.0,172959.0,46.0,46.0,0.0,0.0,0.0,0.0
1166,199,91,21.0,True,607.0,True,173112.0,0,0,173112.0,173133.0,0.0,21.0,154.0,0.0,1.0,1.0
1167,111,217,188.0,True,915.0,True,173223.0,0,0,173223.0,173411.0,0.0,188.0,90.0,0.0,1.0,1.0
1168,106,273,1203.0,True,25.0,True,173329.0,1,1,173412.0,174325.0,83.0,996.0,0.0,0.0,1.0,0.0
1172,290,61,1365.0,True,16.0,True,174325.0,1,0,174326.0,174495.0,1.0,170.0,0.0,0.0,1.0,0.0
1173,170,37,3598.0,False,200.0,True,174495.0,0,0,174496.0,178094.0,1.0,3599.0,0.0,0.0,1.0,0.0
1169,281,216,69.0,True,485.0,True,173610.0,0,2,178095.0,178095.0,4485.0,4485.0,0.0,0.0,0.0,0.0
1170,184,55,3598.0,False,2674.0,False,173794.0,0,1,178095.0,178095.0,4301.0,4301.0,0.0,0.0,0.0,0.0
1171,241,202,42.0,True,402.0,True,174035.0,0,3,178095.0,178095.0,4060.0,4060.0,0.0,0.0,0.0,0.0
